  single point
          ddsd    0.9495200000000000         1.000000         0.000000    
          ddsw    0.7649600000000000         1.000000         0.000000    
          ddgd    0.1378796500000000         1.000000         0.000000    
          ddgw    4.9268882999999999E-02     1.000000         0.000000    
         rcs1d     1.104397700000000         1.000000         0.000000    
         rcs1w     1.004464400000000         1.000000         0.000000    
         rcs2d     2.000000000000000         1.000000         0.000000    
         rcs2w     2.000000000000000         1.000000         0.000000    
         rcs3d    1.2582807000000000E-02     1.000000         0.000000    
         rcs3w     1.000000000000000         1.000000         0.000000    
         rcs4d    1.7447484999999999E-03     1.000000         0.000000    
         rcs4w    2.1099074000000000E-03     1.000000         0.000000    
         rcs5d    0.3903580300000000         1.000000         0.000000    
         rcs5w    0.8790579400000000         1.000000         0.000000    
         rcs6d    2.3455601999999999E-02     1.000000         0.000000    
         rcs6w    0.7075828000000000         1.000000         0.000000    
         rcs7d    5.1164792999999998E-03     1.000000         0.000000    
         rcs7w     1.000000000000000         1.000000         0.000000    
         rcs8d    4.9738902000000000E-03     1.000000         0.000000    
         rcs8w    0.9970117500000000         1.000000         0.000000    
         rcs9d    4.9404369000000002E-03     1.000000         0.000000    
         rcs9w    0.9001733700000000         1.000000         0.000000    
         rcr1d    9.0305918999999997E-05     1.000000         0.000000    
         rcr1w    1.0000735000000000E-05     1.000000         0.000000    
         rcr2d    1.0618972000000001E-04     1.000000         0.000000    
         rcr2w    1.0660474000000000E-03     1.000000         0.000000    
         rcr3d    1.2135547000000000E-02     1.000000         0.000000    
         rcr3w    5.3154934000000003E-04     1.000000         0.000000    
         rcr4d    3.5958990000000001E-03     1.000000         0.000000    
         rcr4w    1.3988035000000001E-03     1.000000         0.000000    
         rcr5d    0.1228491300000000         1.000000         0.000000    
         rcr5w    5.1339774000000004E-04     1.000000         0.000000    
         rcr6d    4.5744245000000003E-03     1.000000         0.000000    
         rcr6w    2.5711851000000002E-03     1.000000         0.000000    
         rcr7d    1.5360216000000000E-03     1.000000         0.000000    
         rcr7w    1.2390290000000000E-03     1.000000         0.000000    
         rcr8d    1.2041979000000000E-03     1.000000         0.000000    
         rcr8w    1.2449927999999999E-03     1.000000         0.000000    
         rcr9d    1.1700074000000000E-03     1.000000         0.000000    
         rcr9w    1.2453558999999999E-03     1.000000         0.000000    
          rcgd    5.0938114000000003E-03     1.000000         0.000000    
          rcgw    0.1273249700000000         1.000000         0.000000    
            tl     2.442943800000000         1.000000         0.000000    
            xw     2.100000000000000         1.000000         0.000000    
            yw    0.1622649800000000         1.000000         0.000000    
             x    0.9713747100000000         1.000000         0.000000    
             y    3.1805689999999997E-04     1.000000         0.000000    
           tlr    6.8199999999999997E-02     1.000000         0.000000    
           tls    0.2220000000000000         1.000000         0.000000    
          beta    0.4000000000000000         1.000000         0.000000    
         alpha    0.9900000000000000         1.000000         0.000000    
         tcrit    7.5199999999999996E-04     1.000000         0.000000    
