  single point
          ddsd    0.9585000000000000         1.000000         0.000000    
          ddsw    0.7061600000000000         1.000000         0.000000    
          ddgd    0.1379010700000000         1.000000         0.000000    
          ddgw    4.9271925000000001E-02     1.000000         0.000000    
         rcs1d     1.104593800000000         1.000000         0.000000    
         rcs1w     1.004379100000000         1.000000         0.000000    
         rcs2d     2.000000000000000         1.000000         0.000000    
         rcs2w     2.000000000000000         1.000000         0.000000    
         rcs3d    1.2583578000000000E-02     1.000000         0.000000    
         rcs3w     1.000000000000000         1.000000         0.000000    
         rcs4d    1.7447183000000000E-03     1.000000         0.000000    
         rcs4w    2.1093718999999999E-03     1.000000         0.000000    
         rcs5d    0.3584739300000000         1.000000         0.000000    
         rcs5w    0.7792735000000000         1.000000         0.000000    
         rcs6d    2.3398089000000000E-02     1.000000         0.000000    
         rcs6w    0.8096785399999999         1.000000         0.000000    
         rcs7d    5.1163455000000002E-03     1.000000         0.000000    
         rcs7w     1.000000000000000         1.000000         0.000000    
         rcs8d    4.9738800999999996E-03     1.000000         0.000000    
         rcs8w     1.000000000000000         1.000000         0.000000    
         rcs9d    4.9404369000000002E-03     1.000000         0.000000    
         rcs9w    0.9001759800000000         1.000000         0.000000    
         rcr1d    9.0305925000000001E-05     1.000000         0.000000    
         rcr1w    1.0000734000000000E-05     1.000000         0.000000    
         rcr2d    1.0618989000000000E-04     1.000000         0.000000    
         rcr2w    1.0659992000000001E-03     1.000000         0.000000    
         rcr3d    1.2138202000000001E-02     1.000000         0.000000    
         rcr3w    5.3153803000000001E-04     1.000000         0.000000    
         rcr4d    3.5963677999999999E-03     1.000000         0.000000    
         rcr4w    1.3987228000000001E-03     1.000000         0.000000    
         rcr5d    0.1265589800000000         1.000000         0.000000    
         rcr5w    5.1340271999999998E-04     1.000000         0.000000    
         rcr6d    4.5805547000000004E-03     1.000000         0.000000    
         rcr6w    2.5715898999999999E-03     1.000000         0.000000    
         rcr7d    1.5361895000000000E-03     1.000000         0.000000    
         rcr7w    1.2390471000000001E-03     1.000000         0.000000    
         rcr8d    1.2042093000000000E-03     1.000000         0.000000    
         rcr8w    1.2449943000000000E-03     1.000000         0.000000    
         rcr9d    1.1700074000000000E-03     1.000000         0.000000    
         rcr9w    1.2453558999999999E-03     1.000000         0.000000    
          rcgd    5.0946029000000000E-03     1.000000         0.000000    
          rcgw    0.1273328300000000         1.000000         0.000000    
            tl     2.773720300000000         1.000000         0.000000    
            xw     2.100000000000000         1.000000         0.000000    
            yw    0.1622649800000000         1.000000         0.000000    
             x    0.9713747100000000         1.000000         0.000000    
             y    3.1805689999999997E-04     1.000000         0.000000    
           tlr    6.8199999999999997E-02     1.000000         0.000000    
           tls    0.2220000000000000         1.000000         0.000000    
          beta    0.4000000000000000         1.000000         0.000000    
         alpha    0.9874230000000001         1.000000         0.000000    
         tcrit    7.5199999999999996E-04     1.000000         0.000000    
