  single point
          ddsd    0.5401200000000000         1.000000         0.000000    
          ddsw    0.5382000000000000         1.000000         0.000000    
          ddgd    0.1378531700000000         1.000000         0.000000    
          ddgw    4.9282010000000001E-02     1.000000         0.000000    
         rcs1d     1.103366100000000         1.000000         0.000000    
         rcs1w     1.004455800000000         1.000000         0.000000    
         rcs2d     2.000000000000000         1.000000         0.000000    
         rcs2w     2.000000000000000         1.000000         0.000000    
         rcs3d    1.2580829999999999E-02     1.000000         0.000000    
         rcs3w     1.000000000000000         1.000000         0.000000    
         rcs4d    1.7447574999999999E-03     1.000000         0.000000    
         rcs4w    2.1088527999999999E-03     1.000000         0.000000    
         rcs5d    0.4367391000000000         1.000000         0.000000    
         rcs5w    0.6878012200000000         1.000000         0.000000    
         rcs6d    2.3634459000000000E-02     1.000000         0.000000    
         rcs6w     1.000000000000000         1.000000         0.000000    
         rcs7d    5.1173000000000000E-03     1.000000         0.000000    
         rcs7w     1.000000000000000         1.000000         0.000000    
         rcs8d    4.9739763999999999E-03     1.000000         0.000000    
         rcs8w     1.000000000000000         1.000000         0.000000    
         rcs9d    4.9404369999999998E-03     1.000000         0.000000    
         rcs9w    0.9001813400000001         1.000000         0.000000    
         rcr1d    9.0306083000000006E-05     1.000000         0.000000    
         rcr1w    1.0000735000000000E-05     1.000000         0.000000    
         rcr2d    1.0619106000000000E-04     1.000000         0.000000    
         rcr2w    1.0660681999999999E-03     1.000000         0.000000    
         rcr3d    1.2156603000000000E-02     1.000000         0.000000    
         rcr3w    5.3156313999999996E-04     1.000000         0.000000    
         rcr4d    3.5980837000000000E-03     1.000000         0.000000    
         rcr4w    1.3989798999999999E-03     1.000000         0.000000    
         rcr5d    0.1193595200000000         1.000000         0.000000    
         rcr5w    5.1346355999999996E-04     1.000000         0.000000    
         rcr6d    4.5649942000000002E-03     1.000000         0.000000    
         rcr6w    2.5728885999999999E-03     1.000000         0.000000    
         rcr7d    1.5357203000000001E-03     1.000000         0.000000    
         rcr7w    1.2390960000000001E-03     1.000000         0.000000    
         rcr8d    1.2041764999999999E-03     1.000000         0.000000    
         rcr8w    1.2449981000000000E-03     1.000000         0.000000    
         rcr9d    1.1700074000000000E-03     1.000000         0.000000    
         rcr9w    1.2453558999999999E-03     1.000000         0.000000    
          rcgd    5.0928331999999998E-03     1.000000         0.000000    
          rcgw    0.1273589000000000         1.000000         0.000000    
            tl     3.562315400000000         1.000000         0.000000    
            xw     2.100000000000000         1.000000         0.000000    
            yw    0.1622649800000000         1.000000         0.000000    
             x    0.9713747100000000         1.000000         0.000000    
             y    3.1805689999999997E-04     1.000000         0.000000    
           tlr    6.8199999999999997E-02     1.000000         0.000000    
           tls    0.2220000000000000         1.000000         0.000000    
          beta    0.4000000000000000         1.000000         0.000000    
         alpha    0.9890300000000000         1.000000         0.000000    
         tcrit    7.5199999999999996E-04     1.000000         0.000000    
