  single point
          ddsd    0.3752600000000000         1.000000         0.000000    
          ddsw    0.4936100000000000         1.000000         0.000000    
          ddgd    0.9266089500000000         1.000000         0.000000    
          ddgw    1.7668887000000001E-02     1.000000         0.000000    
         rcs1d     1.131690900000000         1.000000         0.000000    
         rcs1w     1.015208300000000         1.000000         0.000000    
         rcs2d     2.000000000000000         1.000000         0.000000    
         rcs2w     2.000000000000000         1.000000         0.000000    
         rcs3d    1.2770221000000000E-02     1.000000         0.000000    
         rcs3w     1.000000000000000         1.000000         0.000000    
         rcs4d    1.7625121000000000E-03     1.000000         0.000000    
         rcs4w    2.3223895000000000E-03     1.000000         0.000000    
         rcs5d     1.000000000000000         1.000000         0.000000    
         rcs5w    0.9517005300000000         1.000000         0.000000    
         rcs6d    2.1186733999999999E-02     1.000000         0.000000    
         rcs6w     1.000000000000000         1.000000         0.000000    
         rcs7d    4.9415819999999999E-03     1.000000         0.000000    
         rcs7w     1.000000000000000         1.000000         0.000000    
         rcs8d    4.9405098999999999E-03     1.000000         0.000000    
         rcs8w     1.000000000000000         1.000000         0.000000    
         rcs9d    4.9404009999999996E-03     1.000000         0.000000    
         rcs9w    0.8989663100000000         1.000000         0.000000    
         rcr1d    9.0082988000000005E-05     1.000000         0.000000    
         rcr1w    1.0000821000000000E-05     1.000000         0.000000    
         rcr2d    1.0411824000000000E-04     1.000000         0.000000    
         rcr2w    1.0772242000000000E-03     1.000000         0.000000    
         rcr3d    4.4654498000000001E-03     1.000000         0.000000    
         rcr3w    5.3172351000000003E-04     1.000000         0.000000    
         rcr4d    1.7470458999999999E-03     1.000000         0.000000    
         rcr4w    1.3671079000000001E-03     1.000000         0.000000    
         rcr5d    3.5688006000000002E-03     1.000000         0.000000    
         rcr5w    4.9651505999999998E-04     1.000000         0.000000    
         rcr6d    1.2546846000000000E-03     1.000000         0.000000    
         rcr6w    2.1061096999999999E-03     1.000000         0.000000    
         rcr7d    1.1713044999999999E-03     1.000000         0.000000    
         rcr7w    1.2120713000000000E-03     1.000000         0.000000    
         rcr8d    1.1701583000000000E-03     1.000000         0.000000    
         rcr8w    1.2420777000000001E-03     1.000000         0.000000    
         rcr9d    1.1699714000000000E-03     1.000000         0.000000    
         rcr9w    1.2453526999999999E-03     1.000000         0.000000    
          rcgd    4.0991652000000002E-03     1.000000         0.000000    
          rcgw    6.8748955000000000E-02     1.000000         0.000000    
            tl     3.211083000000000         1.000000         0.000000    
            xw     1.040895100000000         1.000000         0.000000    
            yw    1.2887045000000000E-02     1.000000         0.000000    
             x     2.287463300000000         1.000000         0.000000    
             y    0.1459774500000000         1.000000         0.000000    
           tlr    6.8199999999999997E-02     1.000000         0.000000    
           tls    0.2220000000000000         1.000000         0.000000    
          beta    0.4000000000000000         1.000000         0.000000    
         alpha    0.9900000000000000         1.000000         0.000000    
         tcrit    7.3800000000000005E-04     1.000000         0.000000    
