  single point
          ddsd    0.9043300000000000         1.000000         0.000000    
          ddsw    0.7296300000000000         1.000000         0.000000    
          ddgd    0.1378659700000000         1.000000         0.000000    
          ddgw    4.9275108999999997E-02     1.000000         0.000000    
         rcs1d     1.104410200000000         1.000000         0.000000    
         rcs1w     1.004474900000000         1.000000         0.000000    
         rcs2d     2.000000000000000         1.000000         0.000000    
         rcs2w     2.000000000000000         1.000000         0.000000    
         rcs3d    1.2583202000000000E-02     1.000000         0.000000    
         rcs3w     1.000000000000000         1.000000         0.000000    
         rcs4d    1.7447904999999999E-03     1.000000         0.000000    
         rcs4w    2.1095443000000002E-03     1.000000         0.000000    
         rcs5d    0.3797842000000000         1.000000         0.000000    
         rcs5w    0.8108340600000000         1.000000         0.000000    
         rcs6d    2.3431772000000000E-02     1.000000         0.000000    
         rcs6w    0.8096785399999999         1.000000         0.000000    
         rcs7d    5.1164032999999999E-03     1.000000         0.000000    
         rcs7w     1.000000000000000         1.000000         0.000000    
         rcs8d    4.9738823999999999E-03     1.000000         0.000000    
         rcs8w     1.000000000000000         1.000000         0.000000    
         rcs9d    4.9404369000000002E-03     1.000000         0.000000    
         rcs9w    0.9001768500000000         1.000000         0.000000    
         rcr1d    9.0305864999999996E-05     1.000000         0.000000    
         rcr1w    1.0000735000000000E-05     1.000000         0.000000    
         rcr2d    1.0618923000000000E-04     1.000000         0.000000    
         rcr2w    1.0660457999999999E-03     1.000000         0.000000    
         rcr3d    1.2126313000000000E-02     1.000000         0.000000    
         rcr3w    5.3154989000000000E-04     1.000000         0.000000    
         rcr4d    3.5948383000000000E-03     1.000000         0.000000    
         rcr4w    1.3988351000000000E-03     1.000000         0.000000    
         rcr5d    0.1202344800000000         1.000000         0.000000    
         rcr5w    5.1341699999999995E-04     1.000000         0.000000    
         rcr6d    4.5709033000000000E-03     1.000000         0.000000    
         rcr6w    2.5716967999999999E-03     1.000000         0.000000    
         rcr7d    1.5359387000000000E-03     1.000000         0.000000    
         rcr7w    1.2390539000000000E-03     1.000000         0.000000    
         rcr8d    1.2041924999999999E-03     1.000000         0.000000    
         rcr8w    1.2449950000000000E-03     1.000000         0.000000    
         rcr9d    1.1700074000000000E-03     1.000000         0.000000    
         rcr9w    1.2453558999999999E-03     1.000000         0.000000    
          rcgd    5.0933061000000002E-03     1.000000         0.000000    
          rcgw    0.1273410600000000         1.000000         0.000000    
            tl     2.634529400000000         1.000000         0.000000    
            xw     2.100000000000000         1.000000         0.000000    
            yw    0.1622649800000000         1.000000         0.000000    
             x    0.9713747100000000         1.000000         0.000000    
             y    3.1805689999999997E-04     1.000000         0.000000    
           tlr    6.8199999999999997E-02     1.000000         0.000000    
           tls    0.2220000000000000         1.000000         0.000000    
          beta    0.4000000000000000         1.000000         0.000000    
         alpha    0.9881300000000000         1.000000         0.000000    
         tcrit    7.5199999999999996E-04     1.000000         0.000000    
