  single point
          ddsd    0.8546100000000000         1.000000         0.000000    
          ddsw    0.6450399999999999         1.000000         0.000000    
          ddgd    0.1378833200000000         1.000000         0.000000    
          ddgw    4.9275259000000002E-02     1.000000         0.000000    
         rcs1d     1.104478700000000         1.000000         0.000000    
         rcs1w     1.004410300000000         1.000000         0.000000    
         rcs2d     2.000000000000000         1.000000         0.000000    
         rcs2w     2.000000000000000         1.000000         0.000000    
         rcs3d    1.2583353000000000E-02     1.000000         0.000000    
         rcs3w     1.000000000000000         1.000000         0.000000    
         rcs4d    1.7447642000000001E-03     1.000000         0.000000    
         rcs4w    2.1090904999999998E-03     1.000000         0.000000    
         rcs5d    0.3587358300000000         1.000000         0.000000    
         rcs5w    0.7259328900000001         1.000000         0.000000    
         rcs6d    2.3398512000000000E-02     1.000000         0.000000    
         rcs6w    0.9203613600000000         1.000000         0.000000    
         rcs7d    5.1163512000000000E-03     1.000000         0.000000    
         rcs7w     1.000000000000000         1.000000         0.000000    
         rcs8d    4.9738808999999998E-03     1.000000         0.000000    
         rcs8w     1.000000000000000         1.000000         0.000000    
         rcs9d    4.9404369000000002E-03     1.000000         0.000000    
         rcs9w    0.9001795700000000         1.000000         0.000000    
         rcr1d    9.0305919999999993E-05     1.000000         0.000000    
         rcr1w    1.0000734000000000E-05     1.000000         0.000000    
         rcr2d    1.0618973000000001E-04     1.000000         0.000000    
         rcr2w    1.0660133000000001E-03     1.000000         0.000000    
         rcr3d    1.2136012999999999E-02     1.000000         0.000000    
         rcr3w    5.3154213000000000E-04     1.000000         0.000000    
         rcr4d    3.5961631999999999E-03     1.000000         0.000000    
         rcr4w    1.3987822000000000E-03     1.000000         0.000000    
         rcr5d    0.1233774100000000         1.000000         0.000000    
         rcr5w    5.1342483999999996E-04     1.000000         0.000000    
         rcr6d    4.5756818000000001E-03     1.000000         0.000000    
         rcr6w    2.5720742999999998E-03     1.000000         0.000000    
         rcr7d    1.5360700000000001E-03     1.000000         0.000000    
         rcr7w    1.2390718000000001E-03     1.000000         0.000000    
         rcr8d    1.2042012999999999E-03     1.000000         0.000000    
         rcr8w    1.2449964999999999E-03     1.000000         0.000000    
         rcr9d    1.1700074000000000E-03     1.000000         0.000000    
         rcr9w    1.2453558999999999E-03     1.000000         0.000000    
          rcgd    5.0939469999999997E-03     1.000000         0.000000    
          rcgw    0.1273414500000000         1.000000         0.000000    
            tl     3.099111300000000         1.000000         0.000000    
            xw     2.100000000000000         1.000000         0.000000    
            yw    0.1622649800000000         1.000000         0.000000    
             x    0.9713747100000000         1.000000         0.000000    
             y    3.1805689999999997E-04     1.000000         0.000000    
           tlr    6.8199999999999997E-02     1.000000         0.000000    
           tls    0.2220000000000000         1.000000         0.000000    
          beta    0.4000000000000000         1.000000         0.000000    
         alpha    0.9868130000000001         1.000000         0.000000    
         tcrit    7.5199999999999996E-04     1.000000         0.000000    
