  single point
          ddsd    0.3578800000000000         1.000000         0.000000    
          ddsw    0.4700300000000000         1.000000         0.000000    
          ddgd    0.9265461000000000         1.000000         0.000000    
          ddgw    1.7668643000000001E-02     1.000000         0.000000    
         rcs1d     1.131682900000000         1.000000         0.000000    
         rcs1w     1.015215300000000         1.000000         0.000000    
         rcs2d     2.000000000000000         1.000000         0.000000    
         rcs2w     2.000000000000000         1.000000         0.000000    
         rcs3d    1.2769882999999999E-02     1.000000         0.000000    
         rcs3w     1.000000000000000         1.000000         0.000000    
         rcs4d    1.7624692999999999E-03     1.000000         0.000000    
         rcs4w    2.3224576000000002E-03     1.000000         0.000000    
         rcs5d     1.000000000000000         1.000000         0.000000    
         rcs5w    0.9495514800000000         1.000000         0.000000    
         rcs6d    2.1177574000000001E-02     1.000000         0.000000    
         rcs6w     1.000000000000000         1.000000         0.000000    
         rcs7d    4.9415468000000001E-03     1.000000         0.000000    
         rcs7w     1.000000000000000         1.000000         0.000000    
         rcs8d    4.9405062000000000E-03     1.000000         0.000000    
         rcs8w     1.000000000000000         1.000000         0.000000    
         rcs9d    4.9404009999999996E-03     1.000000         0.000000    
         rcs9w    0.8989656000000000         1.000000         0.000000    
         rcr1d    9.0082962999999997E-05     1.000000         0.000000    
         rcr1w    1.0000821000000000E-05     1.000000         0.000000    
         rcr2d    1.0411805000000000E-04     1.000000         0.000000    
         rcr2w    1.0772307000000000E-03     1.000000         0.000000    
         rcr3d    4.4650556000000001E-03     1.000000         0.000000    
         rcr3w    5.3172517000000001E-04     1.000000         0.000000    
         rcr4d    1.7469681000000000E-03     1.000000         0.000000    
         rcr4w    1.3671177000000000E-03     1.000000         0.000000    
         rcr5d    3.5683269000000000E-03     1.000000         0.000000    
         rcr5w    4.9651367000000000E-04     1.000000         0.000000    
         rcr6d    1.2546424000000000E-03     1.000000         0.000000    
         rcr6w    2.1060361000000000E-03     1.000000         0.000000    
         rcr7d    1.1712980000000001E-03     1.000000         0.000000    
         rcr7w    1.2120651000000001E-03     1.000000         0.000000    
         rcr8d    1.1701577000000000E-03     1.000000         0.000000    
         rcr8w    1.2420770000000001E-03     1.000000         0.000000    
         rcr9d    1.1699714000000000E-03     1.000000         0.000000    
         rcr9w    1.2453526999999999E-03     1.000000         0.000000    
          rcgd    4.0988871999999999E-03     1.000000         0.000000    
          rcgw    6.8748004000000001E-02     1.000000         0.000000    
            tl     3.352066500000000         1.000000         0.000000    
            xw     1.040895100000000         1.000000         0.000000    
            yw    1.2887045000000000E-02     1.000000         0.000000    
             x     2.287463300000000         1.000000         0.000000    
             y    0.1459774500000000         1.000000         0.000000    
           tlr    6.8199999999999997E-02     1.000000         0.000000    
           tls    0.2220000000000000         1.000000         0.000000    
          beta    0.4000000000000000         1.000000         0.000000    
         alpha    0.9898250000000000         1.000000         0.000000    
         tcrit    7.3800000000000005E-04     1.000000         0.000000    
