  single point
          ddsd    0.4624300000000000         1.000000         0.000000    
          ddsw    0.6511200000000000         1.000000         0.000000    
          ddgd    0.4793101500000000         1.000000         0.000000    
          ddgw    2.7364214000000001E-02     1.000000         0.000000    
         rcs1d    0.8837557200000000         1.000000         0.000000    
         rcs1w    0.9331953900000000         1.000000         0.000000    
         rcs2d    0.8462023700000000         1.000000         0.000000    
         rcs2w    3.0013031999999999E-03     1.000000         0.000000    
         rcs3d    1.4756086000000000E-02     1.000000         0.000000    
         rcs3w     1.000000000000000         1.000000         0.000000    
         rcs4d    1.7517486000000000E-03     1.000000         0.000000    
         rcs4w    2.2845883999999999E-03     1.000000         0.000000    
         rcs5d    1.2885062999999999E-03     1.000000         0.000000    
         rcs5w    0.8075949300000000         1.000000         0.000000    
         rcs6d    0.5117905600000000         1.000000         0.000000    
         rcs6w     1.000000000000000         1.000000         0.000000    
         rcs7d    1.3526826000000000E-02     1.000000         0.000000    
         rcs7w    2.9045866999999998E-04     1.000000         0.000000    
         rcr1d    1.9856645999999999E-02     1.000000         0.000000    
         rcr1w     1.000000000000000         1.000000         0.000000    
         rcr2d    1.5010450999999999E-03     1.000000         0.000000    
         rcr2w    7.2741883999999997E-04     1.000000         0.000000    
         rcr3d    0.1336020900000000         1.000000         0.000000    
         rcr3w    9.0754713999999996E-04     1.000000         0.000000    
         rcr4d    1.3322881000000001E-03     1.000000         0.000000    
         rcr4w    0.2936381500000000         1.000000         0.000000    
         rcr5d    2.7373189000000001E-04     1.000000         0.000000    
         rcr5w    8.5161942000000002E-04     1.000000         0.000000    
         rcr6d    1.0979419000000000E-04     1.000000         0.000000    
         rcr6w    5.4898803999999999E-04     1.000000         0.000000    
         rcr7d    5.3414037000000002E-05     1.000000         0.000000    
         rcr7w    1.0510539000000000E-03     1.000000         0.000000    
          rcgd    5.6058136000000001E-02     1.000000         0.000000    
          rcgw    0.1300017900000000         1.000000         0.000000    
            tl    0.3010175700000000         1.000000         0.000000    
            xw     2.100000000000000         1.000000         0.000000    
            yw    0.1768574000000000         1.000000         0.000000    
             x     1.449438100000000         1.000000         0.000000    
             y    0.1315860900000000         1.000000         0.000000    
           tlr    6.8199999999999997E-02     1.000000         0.000000    
           tls    0.2220000000000000         1.000000         0.000000    
          beta    0.1000000000000000         1.000000         0.000000    
         alpha    0.9900000000000000         1.000000         0.000000    
         tcrit    7.6300000000000001E-04     1.000000         0.000000    
