  single point
          ddsd     2.088300000000000         1.000000         0.000000    
          ddsw    0.7618900000000000         1.000000         0.000000    
          ddgd    0.4177017900000000         1.000000         0.000000    
          ddgw    2.7335062000000000E-02     1.000000         0.000000    
         rcs1d    0.8833811900000000         1.000000         0.000000    
         rcs1w    0.9331953900000000         1.000000         0.000000    
         rcs2d    0.1504784300000000         1.000000         0.000000    
         rcs2w    3.0005722000000000E-03     1.000000         0.000000    
         rcs3d    1.4648621000000001E-02     1.000000         0.000000    
         rcs3w     1.000000000000000         1.000000         0.000000    
         rcs4d    1.7556471000000000E-03     1.000000         0.000000    
         rcs4w    2.2949137999999998E-03     1.000000         0.000000    
         rcs5d    1.2955593000000000E-03     1.000000         0.000000    
         rcs5w    0.6001966700000000         1.000000         0.000000    
         rcs6d    0.1130495400000000         1.000000         0.000000    
         rcs6w     1.000000000000000         1.000000         0.000000    
         rcs7d    1.3526936000000000E-02     1.000000         0.000000    
         rcs7w    2.9045995999999998E-04     1.000000         0.000000    
         rcr1d    2.0393333999999999E-02     1.000000         0.000000    
         rcr1w    0.8913687200000000         1.000000         0.000000    
         rcr2d    1.5501639000000001E-03     1.000000         0.000000    
         rcr2w    7.2712128000000003E-04     1.000000         0.000000    
         rcr3d    0.1333118300000000         1.000000         0.000000    
         rcr3w    9.1445467000000002E-04     1.000000         0.000000    
         rcr4d    1.2362661000000000E-03     1.000000         0.000000    
         rcr4w    0.3062138000000000         1.000000         0.000000    
         rcr5d    2.6669663000000000E-04     1.000000         0.000000    
         rcr5w    8.4873149999999998E-04     1.000000         0.000000    
         rcr6d    1.0885693000000000E-04     1.000000         0.000000    
         rcr6w    5.4748760999999999E-04     1.000000         0.000000    
         rcr7d    5.3413491999999998E-05     1.000000         0.000000    
         rcr7w    1.0510404000000000E-03     1.000000         0.000000    
          rcgd    4.8852675999999998E-02     1.000000         0.000000    
          rcgw    0.1298633000000000         1.000000         0.000000    
            tl    0.2485816800000000         1.000000         0.000000    
            xw     2.100000000000000         1.000000         0.000000    
            yw    0.1768574000000000         1.000000         0.000000    
             x     1.449438100000000         1.000000         0.000000    
             y    0.1315860900000000         1.000000         0.000000    
           tlr    6.8199999999999997E-02     1.000000         0.000000    
           tls    0.2220000000000000         1.000000         0.000000    
          beta    0.1000000000000000         1.000000         0.000000    
         alpha    0.9900000000000000         1.000000         0.000000    
         tcrit    7.6400000000000003E-04     1.000000         0.000000    
