  single point
          ddsd    0.9563400000000000         1.000000         0.000000    
          ddsw    0.7702700000000000         1.000000         0.000000    
          ddgd    0.4794125100000000         1.000000         0.000000    
          ddgw    2.7371750000000000E-02     1.000000         0.000000    
         rcs1d    0.8838608300000000         1.000000         0.000000    
         rcs1w    0.9371796700000000         1.000000         0.000000    
         rcs2d    0.7853729100000000         1.000000         0.000000    
         rcs2w    2.9959587999999998E-03     1.000000         0.000000    
         rcs3d    1.4721052000000000E-02     1.000000         0.000000    
         rcs3w     1.000000000000000         1.000000         0.000000    
         rcs4d    1.7515588999999999E-03     1.000000         0.000000    
         rcs4w    2.2594642000000002E-03     1.000000         0.000000    
         rcs5d    1.2867436999999999E-03     1.000000         0.000000    
         rcs5w    0.6283631400000000         1.000000         0.000000    
         rcs6d    0.3246989100000000         1.000000         0.000000    
         rcs6w     1.000000000000000         1.000000         0.000000    
         rcs7d    1.3526438999999999E-02     1.000000         0.000000    
         rcs7w    2.9045977999999999E-04     1.000000         0.000000    
         rcr1d    1.9787757000000000E-02     1.000000         0.000000    
         rcr1w     1.000000000000000         1.000000         0.000000    
         rcr2d    1.5028327000000000E-03     1.000000         0.000000    
         rcr2w    7.2509875000000001E-04     1.000000         0.000000    
         rcr3d    0.1457431000000000         1.000000         0.000000    
         rcr3w    9.0706390999999999E-04     1.000000         0.000000    
         rcr4d    1.3306268000000000E-03     1.000000         0.000000    
         rcr4w    0.3260156200000000         1.000000         0.000000    
         rcr5d    2.7358347000000001E-04     1.000000         0.000000    
         rcr5w    8.5369674999999996E-04     1.000000         0.000000    
         rcr6d    1.0978568000000000E-04     1.000000         0.000000    
         rcr6w    5.4949268000000005E-04     1.000000         0.000000    
         rcr7d    5.3414032000000001E-05     1.000000         0.000000    
         rcr7w    1.0510585000000001E-03     1.000000         0.000000    
          rcgd    5.6070107000000001E-02     1.000000         0.000000    
          rcgw    0.1300375900000000         1.000000         0.000000    
            tl    7.2839751999999994E-02     1.000000         0.000000    
            xw     2.100000000000000         1.000000         0.000000    
            yw    0.1768574000000000         1.000000         0.000000    
             x     1.449438100000000         1.000000         0.000000    
             y    0.1315860900000000         1.000000         0.000000    
           tlr    6.8199999999999997E-02     1.000000         0.000000    
           tls    0.2220000000000000         1.000000         0.000000    
          beta    0.1000000000000000         1.000000         0.000000    
         alpha    0.9900000000000000         1.000000         0.000000    
         tcrit    7.7700000000000002E-04     1.000000         0.000000    
