  single point
          ddsd    0.7824500000000000         1.000000         0.000000    
          ddsw    0.8142000000000000         1.000000         0.000000    
          ddgd    0.4794425300000000         1.000000         0.000000    
          ddgw    2.7372245999999999E-02     1.000000         0.000000    
         rcs1d    0.8838608300000000         1.000000         0.000000    
         rcs1w    0.9339949800000000         1.000000         0.000000    
         rcs2d    0.6466365700000000         1.000000         0.000000    
         rcs2w    2.9985038999999999E-03     1.000000         0.000000    
         rcs3d    1.4656272000000000E-02     1.000000         0.000000    
         rcs3w     1.000000000000000         1.000000         0.000000    
         rcs4d    1.7498245000000000E-03     1.000000         0.000000    
         rcs4w    2.2676158000000000E-03     1.000000         0.000000    
         rcs5d    1.2860755000000000E-03     1.000000         0.000000    
         rcs5w    0.4977104200000000         1.000000         0.000000    
         rcs6d    0.3129975900000000         1.000000         0.000000    
         rcs6w     1.000000000000000         1.000000         0.000000    
         rcs7d    1.3526378000000000E-02     1.000000         0.000000    
         rcs7w    2.9045953000000002E-04     1.000000         0.000000    
         rcr1d    1.9735084999999999E-02     1.000000         0.000000    
         rcr1w    0.7937739300000000         1.000000         0.000000    
         rcr2d    1.5018004999999999E-03     1.000000         0.000000    
         rcr2w    7.2347942999999998E-04     1.000000         0.000000    
         rcr3d    0.1337713900000000         1.000000         0.000000    
         rcr3w    9.0460739000000005E-04     1.000000         0.000000    
         rcr4d    1.3295541000000000E-03     1.000000         0.000000    
         rcr4w    0.3227233300000000         1.000000         0.000000    
         rcr5d    2.7355175000000001E-04     1.000000         0.000000    
         rcr5w    8.5345755000000004E-04     1.000000         0.000000    
         rcr6d    1.0978527000000000E-04     1.000000         0.000000    
         rcr6w    5.4958336000000005E-04     1.000000         0.000000    
         rcr7d    5.3414032000000001E-05     1.000000         0.000000    
         rcr7w    1.0510592999999999E-03     1.000000         0.000000    
          rcgd    5.6073617999999999E-02     1.000000         0.000000    
          rcgw    0.1300399500000000         1.000000         0.000000    
            tl    0.1700373300000000         1.000000         0.000000    
            xw     2.100000000000000         1.000000         0.000000    
            yw    0.1768574000000000         1.000000         0.000000    
             x     1.449438100000000         1.000000         0.000000    
             y    0.1315860900000000         1.000000         0.000000    
           tlr    6.8199999999999997E-02     1.000000         0.000000    
           tls    0.2220000000000000         1.000000         0.000000    
          beta    0.1000000000000000         1.000000         0.000000    
         alpha    0.9900000000000000         1.000000         0.000000    
         tcrit    7.6999999999999996E-04     1.000000         0.000000    
