  single point
          ddsd     1.506200000000000         1.000000         0.000000    
          ddsw    0.6145900000000000         1.000000         0.000000    
          ddgd    0.4177949000000000         1.000000         0.000000    
          ddgw    2.7336243999999999E-02     1.000000         0.000000    
         rcs1d    0.8833811900000000         1.000000         0.000000    
         rcs1w    0.9333400100000000         1.000000         0.000000    
         rcs2d    0.1559188100000000         1.000000         0.000000    
         rcs2w    2.9997411999999998E-03     1.000000         0.000000    
         rcs3d    1.4699798000000000E-02     1.000000         0.000000    
         rcs3w     1.000000000000000         1.000000         0.000000    
         rcs4d    1.7576168999999999E-03     1.000000         0.000000    
         rcs4w    2.2945000000000001E-03     1.000000         0.000000    
         rcs5d    1.2970589999999999E-03     1.000000         0.000000    
         rcs5w    0.7675663200000000         1.000000         0.000000    
         rcs6d    0.1211491400000000         1.000000         0.000000    
         rcs6w     1.000000000000000         1.000000         0.000000    
         rcs7d    1.3527272999999999E-02     1.000000         0.000000    
         rcs7w    2.9045999000000002E-04     1.000000         0.000000    
         rcr1d    2.0455751000000001E-02     1.000000         0.000000    
         rcr1w    0.5957688400000000         1.000000         0.000000    
         rcr2d    1.5531179000000000E-03     1.000000         0.000000    
         rcr2w    7.2528163999999997E-04     1.000000         0.000000    
         rcr3d    0.1595557800000000         1.000000         0.000000    
         rcr3w    9.1211033000000003E-04     1.000000         0.000000    
         rcr4d    1.2376258000000001E-03     1.000000         0.000000    
         rcr4w    0.3343828200000000         1.000000         0.000000    
         rcr5d    2.6676613000000001E-04     1.000000         0.000000    
         rcr5w    8.4910843000000002E-04     1.000000         0.000000    
         rcr6d    1.0886369000000000E-04     1.000000         0.000000    
         rcr6w    5.4761453000000003E-04     1.000000         0.000000    
         rcr7d    5.3413496000000002E-05     1.000000         0.000000    
         rcr7w    1.0510414999999999E-03     1.000000         0.000000    
          rcgd    4.8863565999999997E-02     1.000000         0.000000    
          rcgw    0.1298689100000000         1.000000         0.000000    
            tl    0.3507766200000000         1.000000         0.000000    
            xw     2.100000000000000         1.000000         0.000000    
            yw    0.1768574000000000         1.000000         0.000000    
             x     1.449438100000000         1.000000         0.000000    
             y    0.1315860900000000         1.000000         0.000000    
           tlr    6.8199999999999997E-02     1.000000         0.000000    
           tls    0.2220000000000000         1.000000         0.000000    
          beta    0.1000000000000000         1.000000         0.000000    
         alpha    0.9900000000000000         1.000000         0.000000    
         tcrit    7.6300000000000001E-04     1.000000         0.000000    
