  single point
          ddsd    0.4315400000000000         1.000000         0.000000    
          ddsw    0.8729600000000000         1.000000         0.000000    
          ddgd    0.4565019500000000         1.000000         0.000000    
          ddgw    2.7300445000000000E-02     1.000000         0.000000    
         rcs1d    0.8999319000000000         1.000000         0.000000    
         rcs1w    0.9214820200000000         1.000000         0.000000    
         rcs2d    0.1305332600000000         1.000000         0.000000    
         rcs2w    5.1506484999999998E-02     1.000000         0.000000    
         rcs3d    1.1614430000000000E-02     1.000000         0.000000    
         rcs3w     1.000000000000000         1.000000         0.000000    
         rcs4d    1.7454216000000000E-03     1.000000         0.000000    
         rcs4w    2.6355393999999998E-03     1.000000         0.000000    
         rcs5d    0.2700052400000000         1.000000         0.000000    
         rcs5w    0.6357873800000000         1.000000         0.000000    
         rcs6d    0.5268560400000000         1.000000         0.000000    
         rcs6w     1.000000000000000         1.000000         0.000000    
         rcs7d    1.3534701999999999E-02     1.000000         0.000000    
         rcs7w    2.9045976000000002E-04     1.000000         0.000000    
         rcr1d    1.7252631000000001E-02     1.000000         0.000000    
         rcr1w    0.4365993200000000         1.000000         0.000000    
         rcr2d    1.5702280999999999E-03     1.000000         0.000000    
         rcr2w    0.1639577500000000         1.000000         0.000000    
         rcr3d    0.1310856700000000         1.000000         0.000000    
         rcr3w    1.1921714000000000E-03     1.000000         0.000000    
         rcr4d    1.2297732000000000E-03     1.000000         0.000000    
         rcr4w    0.2374517700000000         1.000000         0.000000    
         rcr5d    2.6829476999999999E-04     1.000000         0.000000    
         rcr5w    8.6424641999999999E-04     1.000000         0.000000    
         rcr6d    1.0951174000000000E-04     1.000000         0.000000    
         rcr6w    5.5090002000000003E-04     1.000000         0.000000    
         rcr7d    5.3413873000000000E-05     1.000000         0.000000    
         rcr7w    1.0510709000000000E-03     1.000000         0.000000    
          rcgd    5.3390581999999999E-02     1.000000         0.000000    
          rcgw    0.1296988400000000         1.000000         0.000000    
            tl    0.1933107800000000         1.000000         0.000000    
            xw     2.100000000000000         1.000000         0.000000    
            yw    0.1768574000000000         1.000000         0.000000    
             x     1.449437900000000         1.000000         0.000000    
             y    0.1315863000000000         1.000000         0.000000    
           tlr    6.8199999999999997E-02     1.000000         0.000000    
           tls    0.2220000000000000         1.000000         0.000000    
          beta    0.1000000000000000         1.000000         0.000000    
         alpha    0.9900000000000000         1.000000         0.000000    
         tcrit    7.9100000000000004E-04     1.000000         0.000000    
