  single point
          ddsd    0.5882400000000000         1.000000         0.000000    
          ddsw    0.6942100000000000         1.000000         0.000000    
          ddgd    0.4612411400000000         1.000000         0.000000    
          ddgw    2.7307307999999999E-02     1.000000         0.000000    
         rcs1d    0.8988754100000000         1.000000         0.000000    
         rcs1w    0.9303303600000000         1.000000         0.000000    
         rcs2d    0.1254572800000000         1.000000         0.000000    
         rcs2w    2.9057893999999999E-03     1.000000         0.000000    
         rcs3d    1.1518677000000000E-02     1.000000         0.000000    
         rcs3w     1.000000000000000         1.000000         0.000000    
         rcs4d    1.7346200999999999E-03     1.000000         0.000000    
         rcs4w    2.2447808999999999E-03     1.000000         0.000000    
         rcs5d    3.0564329000000001E-02     1.000000         0.000000    
         rcs5w    0.6227682600000000         1.000000         0.000000    
         rcs6d    0.4886179500000000         1.000000         0.000000    
         rcs6w     1.000000000000000         1.000000         0.000000    
         rcs7d    1.3533306000000000E-02     1.000000         0.000000    
         rcs7w    2.9046192000000001E-04     1.000000         0.000000    
         rcr1d    1.7118230000000002E-02     1.000000         0.000000    
         rcr1w     1.000000000000000         1.000000         0.000000    
         rcr2d    1.5683476999999999E-03     1.000000         0.000000    
         rcr2w    3.9889914999999998E-02     1.000000         0.000000    
         rcr3d    0.1428253600000000         1.000000         0.000000    
         rcr3w    1.1991794000000000E-03     1.000000         0.000000    
         rcr4d    1.2280727000000000E-03     1.000000         0.000000    
         rcr4w    0.3292417800000000         1.000000         0.000000    
         rcr5d    2.6823066999999998E-04     1.000000         0.000000    
         rcr5w    8.5527966999999995E-04     1.000000         0.000000    
         rcr6d    1.0952046000000000E-04     1.000000         0.000000    
         rcr6w    5.4579599999999998E-04     1.000000         0.000000    
         rcr7d    5.3413878000000000E-05     1.000000         0.000000    
         rcr7w    1.0510252000000000E-03     1.000000         0.000000    
          rcgd    5.3944858999999998E-02     1.000000         0.000000    
          rcgw    0.1297314400000000         1.000000         0.000000    
            tl    0.8694383700000000         1.000000         0.000000    
            xw     2.100000000000000         1.000000         0.000000    
            yw    0.1768574000000000         1.000000         0.000000    
             x     1.449438000000000         1.000000         0.000000    
             y    0.1315863100000000         1.000000         0.000000    
           tlr    6.8199999999999997E-02     1.000000         0.000000    
           tls    0.2220000000000000         1.000000         0.000000    
          beta    0.1000000000000000         1.000000         0.000000    
         alpha    0.9900000000000000         1.000000         0.000000    
         tcrit    7.7499999999999997E-04     1.000000         0.000000    
