  single point
          ddsd    0.5150300000000000         1.000000         0.000000    
          ddsw    0.7936000000000000         1.000000         0.000000    
          ddgd    0.4428663000000000         1.000000         0.000000    
          ddgw    2.7304141000000001E-02     1.000000         0.000000    
         rcs1d    0.8909678700000000         1.000000         0.000000    
         rcs1w    0.9303303600000000         1.000000         0.000000    
         rcs2d     1.753735300000000         1.000000         0.000000    
         rcs2w    2.8982258999999998E-03     1.000000         0.000000    
         rcs3d    1.5420669999999999E-02     1.000000         0.000000    
         rcs3w     1.000000000000000         1.000000         0.000000    
         rcs4d    1.8393184999999999E-03     1.000000         0.000000    
         rcs4w    2.2171261999999999E-03     1.000000         0.000000    
         rcs5d    6.5251160000000002E-02     1.000000         0.000000    
         rcs5w    0.6593712200000000         1.000000         0.000000    
         rcs6d    0.5147818700000000         1.000000         0.000000    
         rcs6w     1.000000000000000         1.000000         0.000000    
         rcs7d    1.3538198000000000E-02     1.000000         0.000000    
         rcs7w    2.9046261000000001E-04     1.000000         0.000000    
         rcr1d    2.1287871000000000E-02     1.000000         0.000000    
         rcr1w     1.000000000000000         1.000000         0.000000    
         rcr2d    1.5285639000000000E-03     1.000000         0.000000    
         rcr2w    2.3697177000000000E-02     1.000000         0.000000    
         rcr3d    0.1420932800000000         1.000000         0.000000    
         rcr3w    1.1885641000000001E-03     1.000000         0.000000    
         rcr4d    1.3003864999999999E-03     1.000000         0.000000    
         rcr4w    0.3113832400000000         1.000000         0.000000    
         rcr5d    2.7160443000000001E-04     1.000000         0.000000    
         rcr5w    8.5695930000000001E-04     1.000000         0.000000    
         rcr6d    1.0952002000000000E-04     1.000000         0.000000    
         rcr6w    5.4630080000000005E-04     1.000000         0.000000    
         rcr7d    5.3413878000000000E-05     1.000000         0.000000    
         rcr7w    1.0510297000000000E-03     1.000000         0.000000    
          rcgd    5.1795813000000003E-02     1.000000         0.000000    
          rcgw    0.1297163900000000         1.000000         0.000000    
            tl    5.4983011999999998E-02     1.000000         0.000000    
            xw     2.100000000000000         1.000000         0.000000    
            yw    0.1768574000000000         1.000000         0.000000    
             x     1.449437800000000         1.000000         0.000000    
             y    0.1315860900000000         1.000000         0.000000    
           tlr    6.8199999999999997E-02     1.000000         0.000000    
           tls    0.2220000000000000         1.000000         0.000000    
          beta    0.1000000000000000         1.000000         0.000000    
         alpha    0.9900000000000000         1.000000         0.000000    
         tcrit    7.7999999999999999E-04     1.000000         0.000000    
