  single point
          ddsd    0.4612200000000000         1.000000         0.000000    
          ddsw    0.8083300000000000         1.000000         0.000000    
          ddgd    0.4580037100000000         1.000000         0.000000    
          ddgw    2.7300995000000002E-02     1.000000         0.000000    
         rcs1d    0.8998230500000000         1.000000         0.000000    
         rcs1w    0.9299659600000000         1.000000         0.000000    
         rcs2d    0.1297050300000000         1.000000         0.000000    
         rcs2w    2.8964224999999998E-03     1.000000         0.000000    
         rcs3d    1.1596100000000000E-02     1.000000         0.000000    
         rcs3w     1.000000000000000         1.000000         0.000000    
         rcs4d    1.7437218000000000E-03     1.000000         0.000000    
         rcs4w    2.2320313999999999E-03     1.000000         0.000000    
         rcs5d    0.1718758500000000         1.000000         0.000000    
         rcs5w    0.6572613400000000         1.000000         0.000000    
         rcs6d    0.5324378800000000         1.000000         0.000000    
         rcs6w     1.000000000000000         1.000000         0.000000    
         rcs7d    1.3534506999999999E-02     1.000000         0.000000    
         rcs7w    2.9046212999999998E-04     1.000000         0.000000    
         rcr1d    1.7228462999999999E-02     1.000000         0.000000    
         rcr1w    0.9235086300000001         1.000000         0.000000    
         rcr2d    1.5701805000000000E-03     1.000000         0.000000    
         rcr2w    0.1170461600000000         1.000000         0.000000    
         rcr3d    0.1328154400000000         1.000000         0.000000    
         rcr3w    1.2176632000000000E-03     1.000000         0.000000    
         rcr4d    1.2311831000000001E-03     1.000000         0.000000    
         rcr4w    0.2470592000000000         1.000000         0.000000    
         rcr5d    2.6841943000000001E-04     1.000000         0.000000    
         rcr5w    8.5499372999999997E-04     1.000000         0.000000    
         rcr6d    1.0952886000000000E-04     1.000000         0.000000    
         rcr6w    5.4558201000000004E-04     1.000000         0.000000    
         rcr7d    5.3413883000000000E-05     1.000000         0.000000    
         rcr7w    1.0510233000000000E-03     1.000000         0.000000    
          rcgd    5.3566221999999997E-02     1.000000         0.000000    
          rcgw    0.1297014500000000         1.000000         0.000000    
            tl    0.2753665400000000         1.000000         0.000000    
            xw     2.100000000000000         1.000000         0.000000    
            yw    0.1768574000000000         1.000000         0.000000    
             x     1.449438000000000         1.000000         0.000000    
             y    0.1315863000000000         1.000000         0.000000    
           tlr    6.8199999999999997E-02     1.000000         0.000000    
           tls    0.2220000000000000         1.000000         0.000000    
          beta    0.1000000000000000         1.000000         0.000000    
         alpha    0.9900000000000000         1.000000         0.000000    
         tcrit    7.7800000000000005E-04     1.000000         0.000000    
