  single point
          ddsd    0.3281300000000000         1.000000         0.000000    
          ddsw    0.2572400000000000         1.000000         0.000000    
          ddgd    0.4119492000000000         1.000000         0.000000    
          ddgw    2.5864980000000000E-02     1.000000         0.000000    
         rcs1d    0.9000728000000000         1.000000         0.000000    
         rcs1w    0.9101224000000000         1.000000         0.000000    
         rcs2d    0.1318243000000000         1.000000         0.000000    
         rcs2w    2.0867523000000000E-02     1.000000         0.000000    
         rcs3d    1.1836201000000000E-02     1.000000         0.000000    
         rcs3w    9.5516800000000000E-03     1.000000         0.000000    
         rcs4d    1.7769367000000000E-03     1.000000         0.000000    
         rcs4w    1.8827210000000000E-03     1.000000         0.000000    
         rcs5d    1.9278429000000000E-02     1.000000         0.000000    
         rcs5w    7.8963410000000000E-04     1.000000         0.000000    
         rcs6d    0.1179115000000000         1.000000         0.000000    
         rcs6w    0.8742354000000000         1.000000         0.000000    
         rcs7d    1.3523273000000000E-02     1.000000         0.000000    
         rcs7w    2.9041642000000000E-04     1.000000         0.000000    
         rcr1d    1.7929167000000000E-02     1.000000         0.000000    
         rcr1w    8.6018813000000000E-02     1.000000         0.000000    
         rcr2d    1.6208284999999998E-03     1.000000         0.000000    
         rcr2w    0.4853137000000000         1.000000         0.000000    
         rcr3d    0.1062327000000000         1.000000         0.000000    
         rcr3w    1.3741462000000000E-02     1.000000         0.000000    
         rcr4d    1.2048914000000000E-03     1.000000         0.000000    
         rcr4w    7.6630575000000000E-03     1.000000         0.000000    
         rcr5d    2.5925344000000000E-04     1.000000         0.000000    
         rcr5w    7.2541533000000000E-04     1.000000         0.000000    
         rcr6d    1.0836570000000000E-04     1.000000         0.000000    
         rcr6w    4.7465996000000000E-04     1.000000         0.000000    
         rcr7d    5.3413195000000000E-05     1.000000         0.000000    
         rcr7w    1.0500258000000000E-03     1.000000         0.000000    
          rcgd    4.8179870000000000E-02     1.000000         0.000000    
          rcgw    0.1228792000000000         1.000000         0.000000    
            tl     5.000000000000000         1.000000         0.000000    
            xw     2.100000000000000         1.000000         0.000000    
            yw    0.1768574000000000         1.000000         0.000000    
             x     1.449438000000000         1.000000         0.000000    
             y    0.1315863000000000         1.000000         0.000000    
           tlr    6.8200000000000000E-02     1.000000         0.000000    
           tls    0.2220000000000000         1.000000         0.000000    
          beta    0.6000000000000000         1.000000         0.000000    
