  single point
          ddsd    0.5659000000000000         1.000000         0.000000    
          ddsw    0.6264300000000000         1.000000         0.000000    
          ddgd    0.4797792900000000         1.000000         0.000000    
          ddgw    2.7369001000000000E-02     1.000000         0.000000    
         rcs1d    0.8839105000000000         1.000000         0.000000    
         rcs1w    0.9331953900000000         1.000000         0.000000    
         rcs2d    0.5201337200000000         1.000000         0.000000    
         rcs2w    2.9991784000000000E-03     1.000000         0.000000    
         rcs3d    1.4570234000000000E-02     1.000000         0.000000    
         rcs3w     1.000000000000000         1.000000         0.000000    
         rcs4d    1.7470879999999999E-03     1.000000         0.000000    
         rcs4w    2.2805964999999999E-03     1.000000         0.000000    
         rcs5d    1.2849351999999999E-03     1.000000         0.000000    
         rcs5w    0.7027421100000000         1.000000         0.000000    
         rcs6d    0.3584770200000000         1.000000         0.000000    
         rcs6w     1.000000000000000         1.000000         0.000000    
         rcs7d    1.3526361000000001E-02     1.000000         0.000000    
         rcs7w    2.9045854999999997E-04     1.000000         0.000000    
         rcr1d    1.9661896000000002E-02     1.000000         0.000000    
         rcr1w    0.6273053700000000         1.000000         0.000000    
         rcr2d    1.5010550000000001E-03     1.000000         0.000000    
         rcr2w    7.2224121999999997E-04     1.000000         0.000000    
         rcr3d    0.1243514400000000         1.000000         0.000000    
         rcr3w    9.0271104999999996E-04     1.000000         0.000000    
         rcr4d    1.3287622999999999E-03     1.000000         0.000000    
         rcr4w    0.3224413900000000         1.000000         0.000000    
         rcr5d    2.7355875000000001E-04     1.000000         0.000000    
         rcr5w    8.5308385999999996E-04     1.000000         0.000000    
         rcr6d    1.0978820000000000E-04     1.000000         0.000000    
         rcr6w    5.4947655999999995E-04     1.000000         0.000000    
         rcr7d    5.3414034000000000E-05     1.000000         0.000000    
         rcr7w    1.0510583000000000E-03     1.000000         0.000000    
          rcgd    5.6113005000000001E-02     1.000000         0.000000    
          rcgw    0.1300245300000000         1.000000         0.000000    
            tl    0.8351952000000000         1.000000         0.000000    
            xw     2.100000000000000         1.000000         0.000000    
            yw    0.1768574000000000         1.000000         0.000000    
             x     1.449438100000000         1.000000         0.000000    
             y    0.1315860900000000         1.000000         0.000000    
           tlr    6.8199999999999997E-02     1.000000         0.000000    
           tls    0.2220000000000000         1.000000         0.000000    
          beta    0.1000000000000000         1.000000         0.000000    
         alpha    0.9900000000000000         1.000000         0.000000    
         tcrit    7.6300000000000001E-04     1.000000         0.000000    
