  single point
          ddsd    0.3978100000000000         1.000000         0.000000    
          ddsw    0.9038600000000000         1.000000         0.000000    
          ddgd    0.4537587200000000         1.000000         0.000000    
          ddgw    2.7301199000000002E-02     1.000000         0.000000    
         rcs1d    0.9000004900000000         1.000000         0.000000    
         rcs1w    0.9101224000000000         1.000000         0.000000    
         rcs2d    0.1306089600000000         1.000000         0.000000    
         rcs2w    1.7637213999999998E-02     1.000000         0.000000    
         rcs3d    1.1623583000000000E-02     1.000000         0.000000    
         rcs3w     1.000000000000000         1.000000         0.000000    
         rcs4d    1.7460481000000001E-03     1.000000         0.000000    
         rcs4w    2.1560239999999999E-03     1.000000         0.000000    
         rcs5d    0.3597828400000000         1.000000         0.000000    
         rcs5w    0.6420612800000000         1.000000         0.000000    
         rcs6d    0.5398845100000000         1.000000         0.000000    
         rcs6w     1.000000000000000         1.000000         0.000000    
         rcs7d    1.3534753000000000E-02     1.000000         0.000000    
         rcs7w    2.9046840999999999E-04     1.000000         0.000000    
         rcr1d    1.7281158000000001E-02     1.000000         0.000000    
         rcr1w    4.3659931999999999E-02     1.000000         0.000000    
         rcr2d    1.5720300000000001E-03     1.000000         0.000000    
         rcr2w    0.1860049400000000         1.000000         0.000000    
         rcr3d    0.1296377900000000         1.000000         0.000000    
         rcr3w    1.6654927000000000E-03     1.000000         0.000000    
         rcr4d    1.2273229000000000E-03     1.000000         0.000000    
         rcr4w    0.2225012400000000         1.000000         0.000000    
         rcr5d    2.6811557999999999E-04     1.000000         0.000000    
         rcr5w    8.9807107000000001E-04     1.000000         0.000000    
         rcr6d    1.0948323000000000E-04     1.000000         0.000000    
         rcr6w    5.5707778999999999E-04     1.000000         0.000000    
         rcr7d    5.3413856000000000E-05     1.000000         0.000000    
         rcr7w    1.0511250000000000E-03     1.000000         0.000000    
          rcgd    5.3069745000000002E-02     1.000000         0.000000    
          rcgw    0.1297024200000000         1.000000         0.000000    
            tl    0.1529855400000000         1.000000         0.000000    
            xw     2.100000000000000         1.000000         0.000000    
            yw    0.1768574000000000         1.000000         0.000000    
             x     1.449438000000000         1.000000         0.000000    
             y    0.1315863000000000         1.000000         0.000000    
           tlr    6.8199999999999997E-02     1.000000         0.000000    
           tls    0.2220000000000000         1.000000         0.000000    
          beta    0.1000000000000000         1.000000         0.000000    
         alpha    0.9900000000000000         1.000000         0.000000    
         tcrit    7.7499999999999997E-04     1.000000         0.000000    
