  single point
          ddsd    0.5445800000000000         1.000000         0.000000    
          ddsw    0.7722400000000000         1.000000         0.000000    
          ddgd    0.4461825100000000         1.000000         0.000000    
          ddgw    2.7303992999999999E-02     1.000000         0.000000    
         rcs1d    0.8909958400000000         1.000000         0.000000    
         rcs1w    0.9320093800000000         1.000000         0.000000    
         rcs2d     1.656945700000000         1.000000         0.000000    
         rcs2w    2.9043338000000001E-03     1.000000         0.000000    
         rcs3d    1.5354718999999999E-02     1.000000         0.000000    
         rcs3w     1.000000000000000         1.000000         0.000000    
         rcs4d    1.8329584999999999E-03     1.000000         0.000000    
         rcs4w    2.2318872000000002E-03     1.000000         0.000000    
         rcs5d    4.0690410000000003E-02     1.000000         0.000000    
         rcs5w    0.6706842400000000         1.000000         0.000000    
         rcs6d    0.4962709200000000         1.000000         0.000000    
         rcs6w     1.000000000000000         1.000000         0.000000    
         rcs7d    1.3537428000000001E-02     1.000000         0.000000    
         rcs7w    2.9046151999999998E-04     1.000000         0.000000    
         rcr1d    2.1168629000000001E-02     1.000000         0.000000    
         rcr1w    0.9876743800000000         1.000000         0.000000    
         rcr2d    1.5259778000000000E-03     1.000000         0.000000    
         rcr2w    1.8985162999999999E-02     1.000000         0.000000    
         rcr3d    0.1417255300000000         1.000000         0.000000    
         rcr3w    1.1721563000000000E-03     1.000000         0.000000    
         rcr4d    1.2996282000000000E-03     1.000000         0.000000    
         rcr4w    0.3119750900000000         1.000000         0.000000    
         rcr5d    2.7166362999999998E-04     1.000000         0.000000    
         rcr5w    8.5587711000000000E-04     1.000000         0.000000    
         rcr6d    1.0952845000000000E-04     1.000000         0.000000    
         rcr6w    5.4610648000000001E-04     1.000000         0.000000    
         rcr7d    5.3413883000000000E-05     1.000000         0.000000    
         rcr7w    1.0510279000000000E-03     1.000000         0.000000    
          rcgd    5.2183663999999998E-02     1.000000         0.000000    
          rcgw    0.1297156900000000         1.000000         0.000000    
            tl    0.1303852700000000         1.000000         0.000000    
            xw     2.100000000000000         1.000000         0.000000    
            yw    0.1768574000000000         1.000000         0.000000    
             x     1.449437800000000         1.000000         0.000000    
             y    0.1315860900000000         1.000000         0.000000    
           tlr    6.8199999999999997E-02     1.000000         0.000000    
           tls    0.2220000000000000         1.000000         0.000000    
          beta    0.1000000000000000         1.000000         0.000000    
         alpha    0.9900000000000000         1.000000         0.000000    
         tcrit    7.7099999999999998E-04     1.000000         0.000000    
