  single point
          ddsd    0.4721700000000000         1.000000         0.000000    
          ddsw    0.6636200000000000         1.000000         0.000000    
          ddgd    0.4459400100000000         1.000000         0.000000    
          ddgw    2.7295632000000000E-02     1.000000         0.000000    
         rcs1d    0.8900244000000000         1.000000         0.000000    
         rcs1w    0.9303303600000000         1.000000         0.000000    
         rcs2d     2.000000000000000         1.000000         0.000000    
         rcs2w    2.9038921000000000E-03     1.000000         0.000000    
         rcs3d    1.5373393000000001E-02     1.000000         0.000000    
         rcs3w     1.000000000000000         1.000000         0.000000    
         rcs4d    1.8310283000000001E-03     1.000000         0.000000    
         rcs4w    2.2389971000000000E-03     1.000000         0.000000    
         rcs5d    4.4337978000000000E-02     1.000000         0.000000    
         rcs5w    0.7010106400000000         1.000000         0.000000    
         rcs6d    0.5083365200000000         1.000000         0.000000    
         rcs6w     1.000000000000000         1.000000         0.000000    
         rcs7d    1.3537011999999999E-02     1.000000         0.000000    
         rcs7w    2.9046190999999999E-04     1.000000         0.000000    
         rcr1d    2.1122808000000000E-02     1.000000         0.000000    
         rcr1w     1.000000000000000         1.000000         0.000000    
         rcr2d    1.5223974999999999E-03     1.000000         0.000000    
         rcr2w    2.5113173999999999E-02     1.000000         0.000000    
         rcr3d    0.1377489000000000         1.000000         0.000000    
         rcr3w    1.1887097000000001E-03     1.000000         0.000000    
         rcr4d    1.3060286999999999E-03     1.000000         0.000000    
         rcr4w    0.2885380300000000         1.000000         0.000000    
         rcr5d    2.7197804999999999E-04     1.000000         0.000000    
         rcr5w    8.5577845000000001E-04     1.000000         0.000000    
         rcr6d    1.0957238000000000E-04     1.000000         0.000000    
         rcr6w    5.4597756000000005E-04     1.000000         0.000000    
         rcr7d    5.3413908000000002E-05     1.000000         0.000000    
         rcr7w    1.0510268000000001E-03     1.000000         0.000000    
          rcgd    5.2155302000000001E-02     1.000000         0.000000    
          rcgw    0.1296759700000000         1.000000         0.000000    
            tl    0.3091922000000000         1.000000         0.000000    
            xw     2.100000000000000         1.000000         0.000000    
            yw    0.1768574000000000         1.000000         0.000000    
             x     1.449437900000000         1.000000         0.000000    
             y    0.1315860900000000         1.000000         0.000000    
           tlr    6.8199999999999997E-02     1.000000         0.000000    
           tls    0.2220000000000000         1.000000         0.000000    
          beta    0.1000000000000000         1.000000         0.000000    
         alpha    0.9900000000000000         1.000000         0.000000    
         tcrit    7.7800000000000005E-04     1.000000         0.000000    
