  single point
          ddsd     1.136900000000000         1.000000         0.000000    
          ddsw    0.7425400000000000         1.000000         0.000000    
          ddgd    0.2219948400000000         1.000000         0.000000    
          ddgw    1.1279809999999999E-02     1.000000         0.000000    
         rcs1d    0.9000728000000000         1.000000         0.000000    
         rcs1w    0.9101224000000000         1.000000         0.000000    
         rcs2d    0.1390445700000000         1.000000         0.000000    
         rcs2w     2.000000000000000         1.000000         0.000000    
         rcs3d    1.2524716000000000E-02     1.000000         0.000000    
         rcs3w    5.1511305999999996E-03     1.000000         0.000000    
         rcs4d    1.8660790999999999E-03     1.000000         0.000000    
         rcs4w    2.0451852999999998E-03     1.000000         0.000000    
         rcs5d    0.9455349700000000         1.000000         0.000000    
         rcs5w    0.9989213100000000         1.000000         0.000000    
         rcs6d    0.2786547200000000         1.000000         0.000000    
         rcs6w     1.000000000000000         1.000000         0.000000    
         rcs7d    8.1985685999999992E-03     1.000000         0.000000    
         rcs7w    2.9729133000000002E-04     1.000000         0.000000    
         rcs8d    7.8532570000000006E-03     1.000000         0.000000    
         rcs8w    2.6783493000000002E-04     1.000000         0.000000    
         rcr1d    0.3224632500000000         1.000000         0.000000    
         rcr1w    2.2205500000000000E-03     1.000000         0.000000    
         rcr2d    2.5611176000000001E-03     1.000000         0.000000    
         rcr2w    0.5312235600000000         1.000000         0.000000    
         rcr3d    5.8568428000000004E-03     1.000000         0.000000    
         rcr3w    1.1053098000000001E-02     1.000000         0.000000    
         rcr4d    1.1107487000000000E-03     1.000000         0.000000    
         rcr4w    7.7132985999999997E-03     1.000000         0.000000    
         rcr5d    2.4805501000000002E-04     1.000000         0.000000    
         rcr5w    4.2835650999999998E-04     1.000000         0.000000    
         rcr6d    1.0413402000000000E-04     1.000000         0.000000    
         rcr6w    2.9688563000000002E-04     1.000000         0.000000    
         rcr7d    5.2997008000000003E-05     1.000000         0.000000    
         rcr7w    5.1379009000000005E-04     1.000000         0.000000    
         rcr8d    5.3402556999999998E-05     1.000000         0.000000    
         rcr8w    4.1889725999999999E-04     1.000000         0.000000    
          rcgd    2.5963600999999999E-02     1.000000         0.000000    
          rcgw    5.3588073999999999E-02     1.000000         0.000000    
            tl    2.0136876000000000E-04     1.000000         0.000000    
            xw     2.100000000000000         1.000000         0.000000    
            yw    0.1768574000000000         1.000000         0.000000    
             x     2.300000000000000         1.000000         0.000000    
             y    0.9821102400000000         1.000000         0.000000    
           tlr    6.8199999999999997E-02     1.000000         0.000000    
           tls    0.2220000000000000         1.000000         0.000000    
          beta    0.2000000000000000         1.000000         0.000000    
         alpha    0.9900000000000000         1.000000         0.000000    
         tcrit    3.8330000000000000E-03     1.000000         0.000000    
