  single point
          ddsd     1.545400000000000         1.000000         0.000000    
          ddsw    0.7245800000000000         1.000000         0.000000    
          ddgd    0.2237103700000000         1.000000         0.000000    
          ddgw    1.1053426000000000E-02     1.000000         0.000000    
         rcs1d    0.9000728000000000         1.000000         0.000000    
         rcs1w    0.9101224000000000         1.000000         0.000000    
         rcs2d    0.1333046400000000         1.000000         0.000000    
         rcs2w     2.000000000000000         1.000000         0.000000    
         rcs3d    1.2021367000000000E-02     1.000000         0.000000    
         rcs3w    3.1276486999999999E-02     1.000000         0.000000    
         rcs4d    1.7964668999999999E-03     1.000000         0.000000    
         rcs4w    2.4137257000000001E-03     1.000000         0.000000    
         rcs5d    0.6660532400000000         1.000000         0.000000    
         rcs5w     1.000000000000000         1.000000         0.000000    
         rcs6d    0.2437320800000000         1.000000         0.000000    
         rcs6w     1.000000000000000         1.000000         0.000000    
         rcs7d    7.8184159999999999E-03     1.000000         0.000000    
         rcs7w    2.7085405999999998E-04     1.000000         0.000000    
         rcs8d    7.8521298999999992E-03     1.000000         0.000000    
         rcs8w    2.6776729000000001E-04     1.000000         0.000000    
         rcr1d    0.2249238800000000         1.000000         0.000000    
         rcr1w    5.2568698000000002E-03     1.000000         0.000000    
         rcr2d    1.9434349000000001E-03     1.000000         0.000000    
         rcr2w    0.5758529700000000         1.000000         0.000000    
         rcr3d    9.3046592999999997E-02     1.000000         0.000000    
         rcr3w    1.9617729000000000E-03     1.000000         0.000000    
         rcr4d    1.1383917999999999E-03     1.000000         0.000000    
         rcr4w    1.2204085000000000E-03     1.000000         0.000000    
         rcr5d    2.4904225999999998E-04     1.000000         0.000000    
         rcr5w    3.2908812000000001E-04     1.000000         0.000000    
         rcr6d    1.0448113000000000E-04     1.000000         0.000000    
         rcr6w    2.3822112000000000E-04     1.000000         0.000000    
         rcr7d    5.3035219999999998E-05     1.000000         0.000000    
         rcr7w    4.3402970000000002E-04     1.000000         0.000000    
         rcr8d    5.3402675000000001E-05     1.000000         0.000000    
         rcr8w    4.1868913000000000E-04     1.000000         0.000000    
          rcgd    2.6164241000000001E-02     1.000000         0.000000    
          rcgw    5.2512564999999997E-02     1.000000         0.000000    
            tl    0.1991900700000000         1.000000         0.000000    
            xw     2.100000000000000         1.000000         0.000000    
            yw    0.1768574000000000         1.000000         0.000000    
             x     1.927195100000000         1.000000         0.000000    
             y    0.2487586000000000         1.000000         0.000000    
           tlr    6.8199999999999997E-02     1.000000         0.000000    
           tls    0.2220000000000000         1.000000         0.000000    
          beta    0.2000000000000000         1.000000         0.000000    
         alpha    0.9900000000000000         1.000000         0.000000    
         tcrit    7.1299999999999998E-04     1.000000         0.000000    
