  single point
          ddsd     1.386900000000000         1.000000         0.000000    
          ddsw    0.8561500000000000         1.000000         0.000000    
          ddgd    0.2233136900000000         1.000000         0.000000    
          ddgw    1.1053833000000001E-02     1.000000         0.000000    
         rcs1d    0.9000728000000000         1.000000         0.000000    
         rcs1w    0.9101224000000000         1.000000         0.000000    
         rcs2d    0.1335976600000000         1.000000         0.000000    
         rcs2w     2.000000000000000         1.000000         0.000000    
         rcs3d    1.2050543000000000E-02     1.000000         0.000000    
         rcs3w    3.1234495000000001E-02     1.000000         0.000000    
         rcs4d    1.7978745000000000E-03     1.000000         0.000000    
         rcs4w    2.4103349000000000E-03     1.000000         0.000000    
         rcs5d    0.9173196700000000         1.000000         0.000000    
         rcs5w     1.000000000000000         1.000000         0.000000    
         rcs6d    0.2527557600000000         1.000000         0.000000    
         rcs6w     1.000000000000000         1.000000         0.000000    
         rcs7d    7.8175881999999995E-03     1.000000         0.000000    
         rcs7w    2.7162707000000003E-04     1.000000         0.000000    
         rcs8d    7.8521193999999996E-03     1.000000         0.000000    
         rcs8w    2.6776943000000002E-04     1.000000         0.000000    
         rcr1d    0.2441299500000000         1.000000         0.000000    
         rcr1w    5.2528202999999997E-03     1.000000         0.000000    
         rcr2d    1.9392966000000001E-03     1.000000         0.000000    
         rcr2w    0.5243316600000000         1.000000         0.000000    
         rcr3d    6.2368351000000002E-02     1.000000         0.000000    
         rcr3w    1.9620796000000000E-03     1.000000         0.000000    
         rcr4d    1.1314478999999999E-03     1.000000         0.000000    
         rcr4w    1.2213284000000000E-03     1.000000         0.000000    
         rcr5d    2.4883803000000002E-04     1.000000         0.000000    
         rcr5w    3.2910445999999999E-04     1.000000         0.000000    
         rcr6d    1.0444766000000000E-04     1.000000         0.000000    
         rcr6w    2.3825035999999999E-04     1.000000         0.000000    
         rcr7d    5.3031671999999999E-05     1.000000         0.000000    
         rcr7w    4.3417187000000001E-04     1.000000         0.000000    
         rcr8d    5.3402665000000000E-05     1.000000         0.000000    
         rcr8w    4.1868953999999999E-04     1.000000         0.000000    
          rcgd    2.6117847000000000E-02     1.000000         0.000000    
          rcgw    5.2514501999999998E-02     1.000000         0.000000    
            tl    1.0250224000000000E-02     1.000000         0.000000    
            xw     2.100000000000000         1.000000         0.000000    
            yw    0.1768574000000000         1.000000         0.000000    
             x     1.974167500000000         1.000000         0.000000    
             y    0.2384625900000000         1.000000         0.000000    
           tlr    6.8199999999999997E-02     1.000000         0.000000    
           tls    0.2220000000000000         1.000000         0.000000    
          beta    0.2000000000000000         1.000000         0.000000    
         alpha    0.9900000000000000         1.000000         0.000000    
         tcrit    7.3200000000000001E-04     1.000000         0.000000    
