  single point
          ddsd     1.254300000000000         1.000000         0.000000    
          ddsw    0.8631900000000000         1.000000         0.000000    
          ddgd    0.2211925300000000         1.000000         0.000000    
          ddgw    1.1078354000000000E-02     1.000000         0.000000    
         rcs1d    0.9000728000000000         1.000000         0.000000    
         rcs1w    0.9101224000000000         1.000000         0.000000    
         rcs2d    0.1349662200000000         1.000000         0.000000    
         rcs2w     2.000000000000000         1.000000         0.000000    
         rcs3d    1.2188180999999999E-02     1.000000         0.000000    
         rcs3w    5.8071069999999997E-03     1.000000         0.000000    
         rcs4d    1.8020158000000000E-03     1.000000         0.000000    
         rcs4w    2.1911518000000000E-03     1.000000         0.000000    
         rcs5d    0.9076479100000000         1.000000         0.000000    
         rcs5w     1.000000000000000         1.000000         0.000000    
         rcs6d    0.2491877400000000         1.000000         0.000000    
         rcs6w     1.000000000000000         1.000000         0.000000    
         rcs7d    7.7628690000000004E-03     1.000000         0.000000    
         rcs7w    2.8011365000000002E-04     1.000000         0.000000    
         rcs8d    7.8521259999999992E-03     1.000000         0.000000    
         rcs8w    2.6779168000000002E-04     1.000000         0.000000    
         rcr1d    0.3146646500000000         1.000000         0.000000    
         rcr1w    5.2679965999999998E-03     1.000000         0.000000    
         rcr2d    1.9090335000000000E-03     1.000000         0.000000    
         rcr2w    0.4877014100000000         1.000000         0.000000    
         rcr3d    1.5119099000000000E-02     1.000000         0.000000    
         rcr3w    2.4520271999999999E-03     1.000000         0.000000    
         rcr4d    1.0865472000000001E-03     1.000000         0.000000    
         rcr4w    1.3720863999999999E-03     1.000000         0.000000    
         rcr5d    2.4757822999999998E-04     1.000000         0.000000    
         rcr5w    3.3091708000000002E-04     1.000000         0.000000    
         rcr6d    1.0424019000000000E-04     1.000000         0.000000    
         rcr6w    2.4020376999999999E-04     1.000000         0.000000    
         rcr7d    5.3009196000000003E-05     1.000000         0.000000    
         rcr7w    4.3788985000000003E-04     1.000000         0.000000    
         rcr8d    5.3402595000000002E-05     1.000000         0.000000    
         rcr8w    4.1870011999999999E-04     1.000000         0.000000    
          rcgd    2.5869764999999999E-02     1.000000         0.000000    
          rcgw    5.2630997999999998E-02     1.000000         0.000000    
            tl    3.2179269000000001E-04     1.000000         0.000000    
            xw     2.100000000000000         1.000000         0.000000    
            yw    0.1768574000000000         1.000000         0.000000    
             x     2.138438400000000         1.000000         0.000000    
             y    0.2443832300000000         1.000000         0.000000    
           tlr    6.8199999999999997E-02     1.000000         0.000000    
           tls    0.2220000000000000         1.000000         0.000000    
          beta    0.2000000000000000         1.000000         0.000000    
         alpha    0.9900000000000000         1.000000         0.000000    
         tcrit    9.5299999999999996E-04     1.000000         0.000000    
