  single point
          ddsd     1.134800000000000         1.000000         0.000000    
          ddsw    0.7409100000000000         1.000000         0.000000    
          ddgd    0.2127648600000000         1.000000         0.000000    
          ddgw    1.1073474999999999E-02     1.000000         0.000000    
         rcs1d    0.9000728000000000         1.000000         0.000000    
         rcs1w    0.9101224000000000         1.000000         0.000000    
         rcs2d    0.1392823000000000         1.000000         0.000000    
         rcs2w     2.000000000000000         1.000000         0.000000    
         rcs3d    1.2696343000000001E-02     1.000000         0.000000    
         rcs3w    5.8057062000000000E-03     1.000000         0.000000    
         rcs4d    1.8214260999999999E-03     1.000000         0.000000    
         rcs4w    2.1932643000000000E-03     1.000000         0.000000    
         rcs5d    0.9428885700000000         1.000000         0.000000    
         rcs5w     1.000000000000000         1.000000         0.000000    
         rcs6d    0.2782736600000000         1.000000         0.000000    
         rcs6w     1.000000000000000         1.000000         0.000000    
         rcs7d    7.6890639999999998E-03     1.000000         0.000000    
         rcs7w    2.8095467000000001E-04     1.000000         0.000000    
         rcs8d    7.8519990999999997E-03     1.000000         0.000000    
         rcs8w    2.6779411000000001E-04     1.000000         0.000000    
         rcr1d    0.3272529100000000         1.000000         0.000000    
         rcr1w    5.2773174999999999E-03     1.000000         0.000000    
         rcr2d    1.8014998999999999E-03     1.000000         0.000000    
         rcr2w    0.5335078400000000         1.000000         0.000000    
         rcr3d    2.8950522000000000E-03     1.000000         0.000000    
         rcr3w    2.4523453000000000E-03     1.000000         0.000000    
         rcr4d    9.6186250999999998E-04     1.000000         0.000000    
         rcr4w    1.3716399999999999E-03     1.000000         0.000000    
         rcr5d    2.4350115000000000E-04     1.000000         0.000000    
         rcr5w    3.3090164999999999E-04     1.000000         0.000000    
         rcr6d    1.0351775000000000E-04     1.000000         0.000000    
         rcr6w    2.4008895000000001E-04     1.000000         0.000000    
         rcr7d    5.2932537999999999E-05     1.000000         0.000000    
         rcr7w    4.3775054000000000E-04     1.000000         0.000000    
         rcr8d    5.3402354999999999E-05     1.000000         0.000000    
         rcr8w    4.1869972999999998E-04     1.000000         0.000000    
          rcgd    2.4884099999999999E-02     1.000000         0.000000    
          rcgw    5.2607818000000001E-02     1.000000         0.000000    
            tl    3.2151934999999999E-04     1.000000         0.000000    
            xw     2.100000000000000         1.000000         0.000000    
            yw    0.1768574000000000         1.000000         0.000000    
             x     2.300000000000000         1.000000         0.000000    
             y     1.000000000000000         1.000000         0.000000    
           tlr    6.8199999999999997E-02     1.000000         0.000000    
           tls    0.2220000000000000         1.000000         0.000000    
          beta    0.2000000000000000         1.000000         0.000000    
         alpha    0.9900000000000000         1.000000         0.000000    
         tcrit    9.5500000000000001E-04     1.000000         0.000000    
