  single point
          ddsd     2.100000000000000         1.000000         0.000000    
          ddsw     1.009600000000000         1.000000         0.000000    
          ddgd     1.716782700000000         1.000000         0.000000    
          ddgw    6.6062107999999998E-03     1.000000         0.000000    
         rcs1d    0.9000728000000000         1.000000         0.000000    
         rcs1w    0.9101224000000000         1.000000         0.000000    
         rcs2d    0.1408394900000000         1.000000         0.000000    
         rcs2w     2.000000000000000         1.000000         0.000000    
         rcs3d    1.2924018000000001E-02     1.000000         0.000000    
         rcs3w    5.6120993999999999E-03     1.000000         0.000000    
         rcs4d    1.8291447000000000E-03     1.000000         0.000000    
         rcs4w    2.3112078999999999E-03     1.000000         0.000000    
         rcs5d    0.5387900100000000         1.000000         0.000000    
         rcs5w    0.7792106700000000         1.000000         0.000000    
         rcs6d    0.1684994700000000         1.000000         0.000000    
         rcs6w     1.000000000000000         1.000000         0.000000    
         rcs7d    7.3875167000000000E-03     1.000000         0.000000    
         rcs7w    2.7105096999999997E-04     1.000000         0.000000    
         rcs8d    7.8509532000000000E-03     1.000000         0.000000    
         rcs8w    2.6776886999999998E-04     1.000000         0.000000    
         rcr1d    0.2914138100000000         1.000000         0.000000    
         rcr1w    7.8977461000000002E-03     1.000000         0.000000    
         rcr2d    1.8365644999999999E-03     1.000000         0.000000    
         rcr2w    0.4760785300000000         1.000000         0.000000    
         rcr3d    2.5777291000000000E-03     1.000000         0.000000    
         rcr3w    2.1980048999999998E-03     1.000000         0.000000    
         rcr4d    8.9424096999999995E-04     1.000000         0.000000    
         rcr4w    1.3252068000000001E-03     1.000000         0.000000    
         rcr5d    2.3650238999999999E-04     1.000000         0.000000    
         rcr5w    3.2722677999999999E-04     1.000000         0.000000    
         rcr6d    1.0138302000000000E-04     1.000000         0.000000    
         rcr6w    2.3654137000000001E-04     1.000000         0.000000    
         rcr7d    5.2716999999999997E-05     1.000000         0.000000    
         rcr7w    4.3150380000000002E-04     1.000000         0.000000    
         rcr8d    5.3401679999999999E-05     1.000000         0.000000    
         rcr8w    4.1868150999999998E-04     1.000000         0.000000    
          rcgd    0.2543592300000000         1.000000         0.000000    
          rcgw    3.1384756000000000E-02     1.000000         0.000000    
            tl    2.5467535000000001E-04     1.000000         0.000000    
            xw     2.100000000000000         1.000000         0.000000    
            yw    0.1768574000000000         1.000000         0.000000    
             x     2.214946100000000         1.000000         0.000000    
             y    0.2807508900000000         1.000000         0.000000    
           tlr    6.8199999999999997E-02     1.000000         0.000000    
           tls    0.2220000000000000         1.000000         0.000000    
          beta    0.2000000000000000         1.000000         0.000000    
         alpha    0.9900000000000000         1.000000         0.000000    
         tcrit    1.1010000000000000E-03     1.000000         0.000000    
