  single point
          ddsd     1.560500000000000         1.000000         0.000000    
          ddsw    0.8137700000000000         1.000000         0.000000    
          ddgd    0.2231864500000000         1.000000         0.000000    
          ddgw    1.1079604000000000E-02     1.000000         0.000000    
         rcs1d    0.9000728000000000         1.000000         0.000000    
         rcs1w    0.9101224000000000         1.000000         0.000000    
         rcs2d    0.1337783500000000         1.000000         0.000000    
         rcs2w     2.000000000000000         1.000000         0.000000    
         rcs3d    1.2052154000000001E-02     1.000000         0.000000    
         rcs3w    5.8069912000000001E-03     1.000000         0.000000    
         rcs4d    1.7967943999999999E-03     1.000000         0.000000    
         rcs4w    2.1911280000000001E-03     1.000000         0.000000    
         rcs5d    0.7825942700000000         1.000000         0.000000    
         rcs5w     1.000000000000000         1.000000         0.000000    
         rcs6d    0.2459286600000000         1.000000         0.000000    
         rcs6w     1.000000000000000         1.000000         0.000000    
         rcs7d    7.7816734000000004E-03     1.000000         0.000000    
         rcs7w    2.8013186000000001E-04     1.000000         0.000000    
         rcs8d    7.8521635999999999E-03     1.000000         0.000000    
         rcs8w    2.6779172999999998E-04     1.000000         0.000000    
         rcr1d    0.2715194100000000         1.000000         0.000000    
         rcr1w    5.2691791999999998E-03     1.000000         0.000000    
         rcr2d    1.9318501000000000E-03     1.000000         0.000000    
         rcr2w    0.5317388900000000         1.000000         0.000000    
         rcr3d    4.1719086000000002E-02     1.000000         0.000000    
         rcr3w    2.4541856000000000E-03     1.000000         0.000000    
         rcr4d    1.1176669999999999E-03     1.000000         0.000000    
         rcr4w    1.3729002999999999E-03     1.000000         0.000000    
         rcr5d    2.4851635999999997E-04     1.000000         0.000000    
         rcr5w    3.3099076000000003E-04     1.000000         0.000000    
         rcr6d    1.0440505000000000E-04     1.000000         0.000000    
         rcr6w    2.4025642999999999E-04     1.000000         0.000000    
         rcr7d    5.3026570999999999E-05     1.000000         0.000000    
         rcr7w    4.3795900000000003E-04     1.000000         0.000000    
         rcr8d    5.3402649000000003E-05     1.000000         0.000000    
         rcr8w    4.1870030999999999E-04     1.000000         0.000000    
          rcgd    2.6102965999999998E-02     1.000000         0.000000    
          rcgw    5.2636935000000003E-02     1.000000         0.000000    
            tl    3.2176241000000000E-04     1.000000         0.000000    
            xw     2.100000000000000         1.000000         0.000000    
            yw    0.1768574000000000         1.000000         0.000000    
             x     2.300000000000000         1.000000         0.000000    
             y    0.3030729500000000         1.000000         0.000000    
           tlr    6.8199999999999997E-02     1.000000         0.000000    
           tls    0.2220000000000000         1.000000         0.000000    
          beta    0.2000000000000000         1.000000         0.000000    
         alpha    0.9900000000000000         1.000000         0.000000    
         tcrit    9.5299999999999996E-04     1.000000         0.000000    
