  single point
          ddsd     2.100000000000000         1.000000         0.000000    
          ddsw     1.020500000000000         1.000000         0.000000    
          ddgd     1.712094000000000         1.000000         0.000000    
          ddgw    6.6062097000000000E-03     1.000000         0.000000    
         rcs1d    0.9000728000000000         1.000000         0.000000    
         rcs1w    0.9101224000000000         1.000000         0.000000    
         rcs2d    0.1408398000000000         1.000000         0.000000    
         rcs2w     2.000000000000000         1.000000         0.000000    
         rcs3d    1.2923953000000000E-02     1.000000         0.000000    
         rcs3w    5.6120367000000000E-03     1.000000         0.000000    
         rcs4d    1.8291080000000000E-03     1.000000         0.000000    
         rcs4w    2.3111792000000000E-03     1.000000         0.000000    
         rcs5d    0.5232763000000000         1.000000         0.000000    
         rcs5w    0.7706115000000000         1.000000         0.000000    
         rcs6d    0.1684166000000000         1.000000         0.000000    
         rcs6w     1.000000000000000         1.000000         0.000000    
         rcs7d    7.3881527000000000E-03     1.000000         0.000000    
         rcs7w    2.7105152000000000E-04     1.000000         0.000000    
         rcs8d    7.8509547000000000E-03     1.000000         0.000000    
         rcs8w    2.6776887000000000E-04     1.000000         0.000000    
         rcr1d    0.2903572000000000         1.000000         0.000000    
         rcr1w    7.8938627000000000E-03     1.000000         0.000000    
         rcr2d    1.8364772000000000E-03     1.000000         0.000000    
         rcr2w    0.4551435000000000         1.000000         0.000000    
         rcr3d    2.5774790000000000E-03     1.000000         0.000000    
         rcr3w    2.1976084000000000E-03     1.000000         0.000000    
         rcr4d    8.9421893000000000E-04     1.000000         0.000000    
         rcr4w    1.3251143000000000E-03     1.000000         0.000000    
         rcr5d    2.3650188000000000E-04     1.000000         0.000000    
         rcr5w    3.2722452999999996E-04     1.000000         0.000000    
         rcr6d    1.0138295000000000E-04     1.000000         0.000000    
         rcr6w    2.3654059000000000E-04     1.000000         0.000000    
         rcr7d    5.2716995000000000E-05     1.000000         0.000000    
         rcr7w    4.3150305000000000E-04     1.000000         0.000000    
         rcr8d    5.3401680000000000E-05     1.000000         0.000000    
         rcr8w    4.1868151000000000E-04     1.000000         0.000000    
          rcgd    0.2536645000000000         1.000000         0.000000    
          rcgw    3.1384751000000004E-02     1.000000         0.000000    
            tl    2.5467501000000000E-04     1.000000         0.000000    
            xw     2.100000000000000         1.000000         0.000000    
            yw    0.1768574000000000         1.000000         0.000000    
             x     2.274914000000000         1.000000         0.000000    
             y    0.2791254000000000         1.000000         0.000000    
           tlr    6.8200000000000000E-02     1.000000         0.000000    
           tls    0.2220000000000000         1.000000         0.000000    
          beta    0.2000000000000000         1.000000         0.000000    
         alpha    0.9900000000000000         1.000000         0.000000    
         tcrit    1.1010000000000000E-03     1.000000         0.000000    
