  single point
          ddsd     2.100000000000000         1.000000         0.000000    
          ddsw     1.018000000000000         1.000000         0.000000    
          ddgd     1.711289700000000         1.000000         0.000000    
          ddgw    6.6062100000000004E-03     1.000000         0.000000    
         rcs1d    0.9000728000000000         1.000000         0.000000    
         rcs1w    0.9101224000000000         1.000000         0.000000    
         rcs2d    0.1408398900000000         1.000000         0.000000    
         rcs2w     2.000000000000000         1.000000         0.000000    
         rcs3d    1.2923937000000000E-02     1.000000         0.000000    
         rcs3w    5.6119841999999996E-03     1.000000         0.000000    
         rcs4d    1.8290966999999999E-03     1.000000         0.000000    
         rcs4w    2.3111637000000000E-03     1.000000         0.000000    
         rcs5d    0.5186744000000000         1.000000         0.000000    
         rcs5w    0.7651693700000000         1.000000         0.000000    
         rcs6d    0.1684723500000000         1.000000         0.000000    
         rcs6w     1.000000000000000         1.000000         0.000000    
         rcs7d    7.3884483000000003E-03     1.000000         0.000000    
         rcs7w    2.7105091000000000E-04     1.000000         0.000000    
         rcs8d    7.8509554999999995E-03     1.000000         0.000000    
         rcs8w    2.6776886999999998E-04     1.000000         0.000000    
         rcr1d    0.2902235200000000         1.000000         0.000000    
         rcr1w    7.8943850000000003E-03     1.000000         0.000000    
         rcr2d    1.8364617000000000E-03     1.000000         0.000000    
         rcr2w    0.4562194100000000         1.000000         0.000000    
         rcr3d    2.5774226000000000E-03     1.000000         0.000000    
         rcr3w    2.1976595000000000E-03     1.000000         0.000000    
         rcr4d    8.9421423999999996E-04     1.000000         0.000000    
         rcr4w    1.3251380000000000E-03     1.000000         0.000000    
         rcr5d    2.3650188000000000E-04     1.000000         0.000000    
         rcr5w    3.2722415999999999E-04     1.000000         0.000000    
         rcr6d    1.0138297000000000E-04     1.000000         0.000000    
         rcr6w    2.3654053999999999E-04     1.000000         0.000000    
         rcr7d    5.2716997000000002E-05     1.000000         0.000000    
         rcr7w    4.3150307000000001E-04     1.000000         0.000000    
         rcr8d    5.3401679999999999E-05     1.000000         0.000000    
         rcr8w    4.1868150999999998E-04     1.000000         0.000000    
          rcgd    0.2535453900000000         1.000000         0.000000    
          rcgw    3.1384753000000001E-02     1.000000         0.000000    
            tl    2.5467559999999998E-04     1.000000         0.000000    
            xw     2.100000000000000         1.000000         0.000000    
            yw    0.1768574000000000         1.000000         0.000000    
             x     2.181114900000000         1.000000         0.000000    
             y    0.2791253500000000         1.000000         0.000000    
           tlr    6.8199999999999997E-02     1.000000         0.000000    
           tls    0.2220000000000000         1.000000         0.000000    
          beta    0.2000000000000000         1.000000         0.000000    
         alpha    0.9900000000000000         1.000000         0.000000    
         tcrit    1.1010000000000000E-03     1.000000         0.000000    
