  single point
          ddsd     1.271900000000000         1.000000         0.000000    
          ddsw    0.8297900000000000         1.000000         0.000000    
          ddgd    0.2231376800000000         1.000000         0.000000    
          ddgw    1.1052486000000000E-02     1.000000         0.000000    
         rcs1d    0.9000728000000000         1.000000         0.000000    
         rcs1w    0.9101224000000000         1.000000         0.000000    
         rcs2d    0.1337135000000000         1.000000         0.000000    
         rcs2w     2.000000000000000         1.000000         0.000000    
         rcs3d    1.2048890000000000E-02     1.000000         0.000000    
         rcs3w    3.1324787000000000E-02     1.000000         0.000000    
         rcs4d    1.7973561000000000E-03     1.000000         0.000000    
         rcs4w    2.4132295000000000E-03     1.000000         0.000000    
         rcs5d    0.9424032500000000         1.000000         0.000000    
         rcs5w    0.8963096600000000         1.000000         0.000000    
         rcs6d    0.2386908200000000         1.000000         0.000000    
         rcs6w     1.000000000000000         1.000000         0.000000    
         rcs7d    7.7699583000000001E-03     1.000000         0.000000    
         rcs7w    2.7030917999999998E-04     1.000000         0.000000    
         rcs8d    7.8520390999999995E-03     1.000000         0.000000    
         rcs8w    2.6776588000000000E-04     1.000000         0.000000    
         rcr1d    0.2707597100000000         1.000000         0.000000    
         rcr1w    5.2694995999999997E-03     1.000000         0.000000    
         rcr2d    1.9385733000000000E-03     1.000000         0.000000    
         rcr2w    0.5723411000000000         1.000000         0.000000    
         rcr3d    8.2455659000000001E-02     1.000000         0.000000    
         rcr3w    1.9580492000000000E-03     1.000000         0.000000    
         rcr4d    1.1301530000000001E-03     1.000000         0.000000    
         rcr4w    1.2191522999999999E-03     1.000000         0.000000    
         rcr5d    2.4873601000000001E-04     1.000000         0.000000    
         rcr5w    3.2876214000000000E-04     1.000000         0.000000    
         rcr6d    1.0443275000000000E-04     1.000000         0.000000    
         rcr6w    2.3790572000000000E-04     1.000000         0.000000    
         rcr7d    5.3029799000000002E-05     1.000000         0.000000    
         rcr7w    4.3364852000000000E-04     1.000000         0.000000    
         rcr8d    5.3402658000000001E-05     1.000000         0.000000    
         rcr8w    4.1868804000000002E-04     1.000000         0.000000    
          rcgd    2.6097262000000000E-02     1.000000         0.000000    
          rcgw    5.2508099000000003E-02     1.000000         0.000000    
            tl    7.2957179999999996E-02     1.000000         0.000000    
            xw     2.100000000000000         1.000000         0.000000    
            yw    0.1768574000000000         1.000000         0.000000    
             x     1.346912100000000         1.000000         0.000000    
             y    0.1446396200000000         1.000000         0.000000    
           tlr    6.8199999999999997E-02     1.000000         0.000000    
           tls    0.2220000000000000         1.000000         0.000000    
          beta    0.2000000000000000         1.000000         0.000000    
         alpha    0.9900000000000000         1.000000         0.000000    
         tcrit    7.2900000000000005E-04     1.000000         0.000000    
