  single point
          ddsd     1.295800000000000         1.000000         0.000000    
          ddsw    0.8398099999999999         1.000000         0.000000    
          ddgd    0.2230285300000000         1.000000         0.000000    
          ddgw    1.1050351000000000E-02     1.000000         0.000000    
         rcs1d    0.9000728000000000         1.000000         0.000000    
         rcs1w    0.9101224000000000         1.000000         0.000000    
         rcs2d    0.1335553000000000         1.000000         0.000000    
         rcs2w     2.000000000000000         1.000000         0.000000    
         rcs3d    1.2027032999999999E-02     1.000000         0.000000    
         rcs3w    3.1620055000000001E-02     1.000000         0.000000    
         rcs4d    1.7956014999999999E-03     1.000000         0.000000    
         rcs4w    2.4138916999999998E-03     1.000000         0.000000    
         rcs5d    0.9395070900000000         1.000000         0.000000    
         rcs5w    0.8970614400000000         1.000000         0.000000    
         rcs6d    0.2366161200000000         1.000000         0.000000    
         rcs6w     1.000000000000000         1.000000         0.000000    
         rcs7d    7.7154121999999997E-03     1.000000         0.000000    
         rcs7w    2.6844203000000002E-04     1.000000         0.000000    
         rcs8d    7.8519294000000007E-03     1.000000         0.000000    
         rcs8w    2.6776060000000001E-04     1.000000         0.000000    
         rcr1d    0.2687524800000000         1.000000         0.000000    
         rcr1w    5.2993726000000003E-03     1.000000         0.000000    
         rcr2d    1.9379775000000000E-03     1.000000         0.000000    
         rcr2w    0.5733919100000000         1.000000         0.000000    
         rcr3d    8.6365118000000005E-02     1.000000         0.000000    
         rcr3w    1.9451100999999999E-03     1.000000         0.000000    
         rcr4d    1.1268255999999999E-03     1.000000         0.000000    
         rcr4w    1.2148430000000000E-03     1.000000         0.000000    
         rcr5d    2.4864579000000002E-04     1.000000         0.000000    
         rcr5w    3.2787940999999998E-04     1.000000         0.000000    
         rcr6d    1.0442617000000000E-04     1.000000         0.000000    
         rcr6w    2.3725016000000000E-04     1.000000         0.000000    
         rcr7d    5.3028951999999999E-05     1.000000         0.000000    
         rcr7w    4.3278028999999999E-04     1.000000         0.000000    
         rcr8d    5.3402655000000000E-05     1.000000         0.000000    
         rcr8w    4.1868553999999998E-04     1.000000         0.000000    
          rcgd    2.6084495999999999E-02     1.000000         0.000000    
          rcgw    5.2497955999999998E-02     1.000000         0.000000    
            tl    2.3071086000000001E-02     1.000000         0.000000    
            xw     2.100000000000000         1.000000         0.000000    
            yw    0.1768574000000000         1.000000         0.000000    
             x     1.329516300000000         1.000000         0.000000    
             y    0.1409274100000000         1.000000         0.000000    
           tlr    6.8199999999999997E-02     1.000000         0.000000    
           tls    0.2220000000000000         1.000000         0.000000    
          beta    0.2000000000000000         1.000000         0.000000    
         alpha    0.9900000000000000         1.000000         0.000000    
         tcrit    7.5699999999999997E-04     1.000000         0.000000    
