  single point
          ddsd     1.336800000000000         1.000000         0.000000    
          ddsw    0.8424000000000000         1.000000         0.000000    
          ddgd    0.2234568000000000         1.000000         0.000000    
          ddgw    1.1053866000000001E-02     1.000000         0.000000    
         rcs1d    0.9000728000000000         1.000000         0.000000    
         rcs1w    0.9101224000000000         1.000000         0.000000    
         rcs2d    0.1334984000000000         1.000000         0.000000    
         rcs2w     2.000000000000000         1.000000         0.000000    
         rcs3d    1.2039434000000000E-02     1.000000         0.000000    
         rcs3w    3.1245963000000002E-02     1.000000         0.000000    
         rcs4d    1.7974676000000001E-03     1.000000         0.000000    
         rcs4w    2.4112485000000001E-03     1.000000         0.000000    
         rcs5d    0.9227139400000000         1.000000         0.000000    
         rcs5w     1.000000000000000         1.000000         0.000000    
         rcs6d    0.2462930500000000         1.000000         0.000000    
         rcs6w     1.000000000000000         1.000000         0.000000    
         rcs7d    7.8168326999999999E-03     1.000000         0.000000    
         rcs7w    2.7107039000000001E-04     1.000000         0.000000    
         rcs8d    7.8521197000000001E-03     1.000000         0.000000    
         rcs8w    2.6776787000000002E-04     1.000000         0.000000    
         rcr1d    0.2280278600000000         1.000000         0.000000    
         rcr1w    5.2518998000000002E-03     1.000000         0.000000    
         rcr2d    1.9404813000000001E-03     1.000000         0.000000    
         rcr2w    0.5173614700000000         1.000000         0.000000    
         rcr3d    7.4247613000000004E-02     1.000000         0.000000    
         rcr3w    1.9622753000000000E-03     1.000000         0.000000    
         rcr4d    1.1347402000000000E-03     1.000000         0.000000    
         rcr4w    1.2216311000000000E-03     1.000000         0.000000    
         rcr5d    2.4893118000000002E-04     1.000000         0.000000    
         rcr5w    3.2916211999999999E-04     1.000000         0.000000    
         rcr6d    1.0446205999999999E-04     1.000000         0.000000    
         rcr6w    2.3827327999999999E-04     1.000000         0.000000    
         rcr7d    5.3033082000000003E-05     1.000000         0.000000    
         rcr7w    4.3412874000000001E-04     1.000000         0.000000    
         rcr8d    5.3402668999999998E-05     1.000000         0.000000    
         rcr8w    4.1868941999999998E-04     1.000000         0.000000    
          rcgd    2.6134583999999999E-02     1.000000         0.000000    
          rcgw    5.2514657999999999E-02     1.000000         0.000000    
            tl    5.7641247999999999E-02     1.000000         0.000000    
            xw     2.100000000000000         1.000000         0.000000    
            yw    0.1768574000000000         1.000000         0.000000    
             x     1.819336900000000         1.000000         0.000000    
             y    0.2115293600000000         1.000000         0.000000    
           tlr    6.8199999999999997E-02     1.000000         0.000000    
           tls    0.2220000000000000         1.000000         0.000000    
          beta    0.2000000000000000         1.000000         0.000000    
         alpha    0.9900000000000000         1.000000         0.000000    
         tcrit    7.1599999999999995E-04     1.000000         0.000000    
