  single point
          ddsd     1.470800000000000         1.000000         0.000000    
          ddsw    0.8545100000000000         1.000000         0.000000    
          ddgd    0.2232368700000000         1.000000         0.000000    
          ddgw    1.1065471000000000E-02     1.000000         0.000000    
         rcs1d    0.9000728000000000         1.000000         0.000000    
         rcs1w    0.9101224000000000         1.000000         0.000000    
         rcs2d    0.1335229600000000         1.000000         0.000000    
         rcs2w     2.000000000000000         1.000000         0.000000    
         rcs3d    1.2024072000000000E-02     1.000000         0.000000    
         rcs3w    3.2655111000000001E-02     1.000000         0.000000    
         rcs4d    1.7962704999999999E-03     1.000000         0.000000    
         rcs4w    2.4100405000000002E-03     1.000000         0.000000    
         rcs5d    0.8669205600000000         1.000000         0.000000    
         rcs5w     1.000000000000000         1.000000         0.000000    
         rcs6d    0.2485776200000000         1.000000         0.000000    
         rcs6w     1.000000000000000         1.000000         0.000000    
         rcs7d    7.7986491000000000E-03     1.000000         0.000000    
         rcs7w    2.7850733999999999E-04     1.000000         0.000000    
         rcs8d    7.8521981000000008E-03     1.000000         0.000000    
         rcs8w    2.6778735999999999E-04     1.000000         0.000000    
         rcr1d    0.2519177200000000         1.000000         0.000000    
         rcr1w    5.1994635999999999E-03     1.000000         0.000000    
         rcr2d    1.9361173999999999E-03     1.000000         0.000000    
         rcr2w    0.5265020400000000         1.000000         0.000000    
         rcr3d    5.6390449000000002E-02     1.000000         0.000000    
         rcr3w    1.9618365000000000E-03     1.000000         0.000000    
         rcr4d    1.1240785999999999E-03     1.000000         0.000000    
         rcr4w    1.2235386999999999E-03     1.000000         0.000000    
         rcr5d    2.4867524999999999E-04     1.000000         0.000000    
         rcr5w    3.2994235999999998E-04     1.000000         0.000000    
         rcr6d    1.0442562000000001E-04     1.000000         0.000000    
         rcr6w    2.3887935000000001E-04     1.000000         0.000000    
         rcr7d    5.3028655000000000E-05     1.000000         0.000000    
         rcr7w    4.3563465999999998E-04     1.000000         0.000000    
         rcr8d    5.3402656000000003E-05     1.000000         0.000000    
         rcr8w    4.1869371999999998E-04     1.000000         0.000000    
          rcgd    2.6108863000000000E-02     1.000000         0.000000    
          rcgw    5.2569789999999998E-02     1.000000         0.000000    
            tl    3.2414054000000001E-04     1.000000         0.000000    
            xw     2.100000000000000         1.000000         0.000000    
            yw    0.1768574000000000         1.000000         0.000000    
             x     2.064299100000000         1.000000         0.000000    
             y    0.2518682300000000         1.000000         0.000000    
           tlr    6.8199999999999997E-02     1.000000         0.000000    
           tls    0.2220000000000000         1.000000         0.000000    
          beta    0.2000000000000000         1.000000         0.000000    
         alpha    0.9900000000000000         1.000000         0.000000    
         tcrit    9.3300000000000002E-04     1.000000         0.000000    
