  single point
          ddsd     1.534500000000000         1.000000         0.000000    
          ddsw    0.7223500000000000         1.000000         0.000000    
          ddgd    0.2237081900000000         1.000000         0.000000    
          ddgw    1.1053567000000000E-02     1.000000         0.000000    
         rcs1d    0.9000728000000000         1.000000         0.000000    
         rcs1w    0.9101224000000000         1.000000         0.000000    
         rcs2d    0.1333149000000000         1.000000         0.000000    
         rcs2w     2.000000000000000         1.000000         0.000000    
         rcs3d    1.2022196000000001E-02     1.000000         0.000000    
         rcs3w    3.1267516000000002E-02     1.000000         0.000000    
         rcs4d    1.7965119999999999E-03     1.000000         0.000000    
         rcs4w    2.4137809999999998E-03     1.000000         0.000000    
         rcs5d    0.6518816100000000         1.000000         0.000000    
         rcs5w    0.9797791300000001         1.000000         0.000000    
         rcs6d    0.2413401000000000         1.000000         0.000000    
         rcs6w     1.000000000000000         1.000000         0.000000    
         rcs7d    7.8164775000000002E-03     1.000000         0.000000    
         rcs7w    2.7088680999999998E-04     1.000000         0.000000    
         rcs8d    7.8521278000000007E-03     1.000000         0.000000    
         rcs8w    2.6776738000000003E-04     1.000000         0.000000    
         rcr1d    0.2240790200000000         1.000000         0.000000    
         rcr1w    5.2563152999999998E-03     1.000000         0.000000    
         rcr2d    1.9432799999999999E-03     1.000000         0.000000    
         rcr2w    0.5734368800000000         1.000000         0.000000    
         rcr3d    9.2699017999999994E-02     1.000000         0.000000    
         rcr3w    1.9622824999999998E-03     1.000000         0.000000    
         rcr4d    1.1383342000000000E-03     1.000000         0.000000    
         rcr4w    1.2203163000000000E-03     1.000000         0.000000    
         rcr5d    2.4904057000000001E-04     1.000000         0.000000    
         rcr5w    3.2910562000000002E-04     1.000000         0.000000    
         rcr6d    1.0448093000000000E-04     1.000000         0.000000    
         rcr6w    2.3823795000000000E-04     1.000000         0.000000    
         rcr7d    5.3035204999999997E-05     1.000000         0.000000    
         rcr7w    4.3405454999999999E-04     1.000000         0.000000    
         rcr8d    5.3402675000000001E-05     1.000000         0.000000    
         rcr8w    4.1868919999999999E-04     1.000000         0.000000    
          rcgd    2.6163986000000000E-02     1.000000         0.000000    
          rcgw    5.2513234999999998E-02     1.000000         0.000000    
            tl    0.2474046100000000         1.000000         0.000000    
            xw     2.100000000000000         1.000000         0.000000    
            yw    0.1768574000000000         1.000000         0.000000    
             x     1.955729800000000         1.000000         0.000000    
             y    0.2518523400000000         1.000000         0.000000    
           tlr    6.8199999999999997E-02     1.000000         0.000000    
           tls    0.2220000000000000         1.000000         0.000000    
          beta    0.2000000000000000         1.000000         0.000000    
         alpha    0.9900000000000000         1.000000         0.000000    
         tcrit    7.1199999999999996E-04     1.000000         0.000000    
