  single point
          ddsd    0.3688000000000000         1.000000         0.000000    
          ddsw    0.3793000000000000         1.000000         0.000000    
          ddgd    0.9944199800000000         1.000000         0.000000    
          ddgw    0.1475855000000000         1.000000         0.000000    
         rcs1d     2.000000000000000         1.000000         0.000000    
         rcs1w     2.000000000000000         1.000000         0.000000    
         rcs2d     2.000000000000000         1.000000         0.000000    
         rcs2w    2.0280726999999998E-02     1.000000         0.000000    
         rcs3d    0.7978286900000000         1.000000         0.000000    
         rcs3w    6.2786893000000002E-03     1.000000         0.000000    
         rcs4d    9.4242328999999993E-03     1.000000         0.000000    
         rcs4w    2.1487004000000001E-03     1.000000         0.000000    
         rcs5d    3.1939071999999999E-02     1.000000         0.000000    
         rcs5w    0.8797944599999999         1.000000         0.000000    
         rcs6d    2.7128322999999999E-02     1.000000         0.000000    
         rcs6w     2.000000000000000         1.000000         0.000000    
         rcs7d    4.7759339999999999E-03     1.000000         0.000000    
         rcs7w     1.000000000000000         1.000000         0.000000    
         rcs8d    0.4265131000000000         1.000000         0.000000    
         rcs8w    0.9199870999999999         1.000000         0.000000    
         rcr1d     1.622446400000000         1.000000         0.000000    
         rcr1w    0.7066204400000000         1.000000         0.000000    
         rcr2d    1.9740045999999999E-03     1.000000         0.000000    
         rcr2w    4.0225330999999996E-03     1.000000         0.000000    
         rcr3d    8.9076824999999998E-04     1.000000         0.000000    
         rcr3w    4.2106041000000002E-03     1.000000         0.000000    
         rcr4d    3.3529113000000001E-04     1.000000         0.000000    
         rcr4w    1.3655797000000000E-03     1.000000         0.000000    
         rcr5d    7.1486042000000005E-04     1.000000         0.000000    
         rcr5w    1.4988684999999999E-03     1.000000         0.000000    
         rcr6d    2.9726992000000002E-03     1.000000         0.000000    
         rcr6w    2.9089591000000001E-03     1.000000         0.000000    
         rcr7d    8.3874086999999996E-03     1.000000         0.000000    
         rcr7w    1.1606918000000001E-02     1.000000         0.000000    
         rcr8d    6.2320824999999996E-03     1.000000         0.000000    
         rcr8w    1.3217911000000001E-02     1.000000         0.000000    
          rcgd    2.4969809999999999E-02     1.000000         0.000000    
          rcgw    0.7011487000000000         1.000000         0.000000    
            tl     5.000000000000000         1.000000         0.000000    
            xw    0.9523951400000000         1.000000         0.000000    
            yw    2.5432843999999999E-04     1.000000         0.000000    
             x     1.156447000000000         1.000000         0.000000    
             y    2.8469425999999999E-02     1.000000         0.000000    
           tlr    6.8199999999999997E-02     1.000000         0.000000    
           tls    0.2220000000000000         1.000000         0.000000    
          beta    0.3000000000000000         1.000000         0.000000    
         alpha    0.9900000000000000         1.000000         0.000000    
         tcrit    7.4799999999999997E-04     1.000000         0.000000    
