  single point
          ddsd    0.2866700000000000         1.000000         0.000000    
          ddsw    0.5291200000000000         1.000000         0.000000    
          ddgd     2.076916200000000         1.000000         0.000000    
          ddgw    0.1875232800000000         1.000000         0.000000    
         rcs1d    0.3229055500000000         1.000000         0.000000    
         rcs1w    0.2015008700000000         1.000000         0.000000    
         rcs2d    4.7049306999999999E-02     1.000000         0.000000    
         rcs2w    8.0422386999999998E-02     1.000000         0.000000    
         rcs3d    8.2255821000000000E-03     1.000000         0.000000    
         rcs3w     2.000000000000000         1.000000         0.000000    
         rcs4d    1.4047651999999999E-03     1.000000         0.000000    
         rcs4w    1.9939865999999999E-03     1.000000         0.000000    
         rcs5d    4.3800888000000001E-03     1.000000         0.000000    
         rcs5w    0.6143954600000000         1.000000         0.000000    
         rcs6d    0.3604506700000000         1.000000         0.000000    
         rcs6w    0.4593578700000000         1.000000         0.000000    
         rcs7d    5.0305328999999998E-03     1.000000         0.000000    
         rcs7w     2.000000000000000         1.000000         0.000000    
         rcr1d    4.1527730999999998E-03     1.000000         0.000000    
         rcr1w     1.489637400000000         1.000000         0.000000    
         rcr2d    0.7242242300000000         1.000000         0.000000    
         rcr2w    1.2941744000000000E-02     1.000000         0.000000    
         rcr3d    2.5232964000000001E-03     1.000000         0.000000    
         rcr3w    3.5802426000000002E-03     1.000000         0.000000    
         rcr4d    1.4149371000000000E-03     1.000000         0.000000    
         rcr4w    9.8216486999999999E-04     1.000000         0.000000    
         rcr5d    6.3036799999999997E-04     1.000000         0.000000    
         rcr5w    7.7309920999999999E-04     1.000000         0.000000    
         rcr6d    7.9060654999999998E-04     1.000000         0.000000    
         rcr6w    9.3152315000000002E-04     1.000000         0.000000    
         rcr7d    8.4522794999999998E-03     1.000000         0.000000    
         rcr7w    1.0530268000000001E-02     1.000000         0.000000    
          rcgd    4.2983476999999999E-02     1.000000         0.000000    
          rcgw    0.8908848000000000         1.000000         0.000000    
            tl     1.821180200000000         1.000000         0.000000    
            xw    0.9523951000000000         1.000000         0.000000    
            yw    2.5432843999999999E-04     1.000000         0.000000    
             x     1.156447000000000         1.000000         0.000000    
             y    2.8469425999999999E-02     1.000000         0.000000    
           tlr    6.8199999999999997E-02     1.000000         0.000000    
           tls    0.2220000000000000         1.000000         0.000000    
          beta    0.3000000000000000         1.000000         0.000000    
         alpha    0.9900000000000000         1.000000         0.000000    
         tcrit    7.4799999999999997E-04     1.000000         0.000000    
