  single point
          ddsd    0.2573500000000000         1.000000         0.000000    
          ddsw    0.4965900000000000         1.000000         0.000000    
          ddgd     1.963017200000000         1.000000         0.000000    
          ddgw    0.1656685700000000         1.000000         0.000000    
         rcs1d    0.3156602800000000         1.000000         0.000000    
         rcs1w     1.990479200000000         1.000000         0.000000    
         rcs2d    4.4859411000000002E-02     1.000000         0.000000    
         rcs2w    0.1965428400000000         1.000000         0.000000    
         rcs3d    8.0354458000000007E-03     1.000000         0.000000    
         rcs3w     2.000000000000000         1.000000         0.000000    
         rcs4d    1.3920539000000000E-03     1.000000         0.000000    
         rcs4w    2.0142009000000002E-03     1.000000         0.000000    
         rcs5d    4.2448038000000004E-03     1.000000         0.000000    
         rcs5w    0.7031094500000000         1.000000         0.000000    
         rcs6d    0.3794454000000000         1.000000         0.000000    
         rcs6w    0.3981328100000000         1.000000         0.000000    
         rcs7d    5.0401450000000002E-03     1.000000         0.000000    
         rcs7w     2.000000000000000         1.000000         0.000000    
         rcr1d    4.0426578999999997E-03     1.000000         0.000000    
         rcr1w     1.315387600000000         1.000000         0.000000    
         rcr2d    0.6565507600000000         1.000000         0.000000    
         rcr2w    1.2914273000000000E-02     1.000000         0.000000    
         rcr3d    3.4683378000000000E-03     1.000000         0.000000    
         rcr3w    5.4681293000000001E-03     1.000000         0.000000    
         rcr4d    3.7356087999999999E-03     1.000000         0.000000    
         rcr4w    1.3412938000000000E-03     1.000000         0.000000    
         rcr5d    1.3495106000000000E-02     1.000000         0.000000    
         rcr5w    1.6065668999999999E-03     1.000000         0.000000    
         rcr6d    1.6362663000000000E-03     1.000000         0.000000    
         rcr6w    4.0595200999999997E-02     1.000000         0.000000    
         rcr7d    1.0077493000000000E-02     1.000000         0.000000    
         rcr7w    1.2724210999999999E-02     1.000000         0.000000    
          rcgd    3.8219493000000000E-02     1.000000         0.000000    
          rcgw    0.7870575500000000         1.000000         0.000000    
            tl     2.006689700000000         1.000000         0.000000    
            xw    0.9523951000000000         1.000000         0.000000    
            yw    2.5432843999999999E-04     1.000000         0.000000    
             x     1.156447000000000         1.000000         0.000000    
             y    2.8469425999999999E-02     1.000000         0.000000    
           tlr    6.8199999999999997E-02     1.000000         0.000000    
           tls    0.2220000000000000         1.000000         0.000000    
          beta    0.3000000000000000         1.000000         0.000000    
         alpha    0.9900000000000000         1.000000         0.000000    
         tcrit    7.4799999999999997E-04     1.000000         0.000000    
