  single point
          ddsd    0.4518700000000000         1.000000         0.000000    
          ddsw    0.7425700000000000         1.000000         0.000000    
          ddgd     1.948068900000000         1.000000         0.000000    
          ddgw    0.1924965800000000         1.000000         0.000000    
         rcs1d    0.3229195200000000         1.000000         0.000000    
         rcs1w    0.2014951000000000         1.000000         0.000000    
         rcs2d    4.7037469999999998E-02     1.000000         0.000000    
         rcs2w    8.0476043999999997E-02     1.000000         0.000000    
         rcs3d    8.2242037999999996E-03     1.000000         0.000000    
         rcs3w     2.000000000000000         1.000000         0.000000    
         rcs4d    1.4044925000000000E-03     1.000000         0.000000    
         rcs4w    1.9944440000000002E-03     1.000000         0.000000    
         rcs5d    4.3674669999999999E-03     1.000000         0.000000    
         rcs5w    0.5770351400000000         1.000000         0.000000    
         rcs6d    0.2823725800000000         1.000000         0.000000    
         rcs6w    0.3355226200000000         1.000000         0.000000    
         rcs7d    5.0299376000000002E-03     1.000000         0.000000    
         rcs7w     2.000000000000000         1.000000         0.000000    
         rcr1d    4.1537422000000003E-03     1.000000         0.000000    
         rcr1w     1.679867600000000         1.000000         0.000000    
         rcr2d    0.7985400200000000         1.000000         0.000000    
         rcr2w    1.2978531999999999E-02     1.000000         0.000000    
         rcr3d    2.5232999000000000E-03     1.000000         0.000000    
         rcr3w    3.5826087000000000E-03     1.000000         0.000000    
         rcr4d    1.4145049999999999E-03     1.000000         0.000000    
         rcr4w    9.8223438999999997E-04     1.000000         0.000000    
         rcr5d    6.3005212000000004E-04     1.000000         0.000000    
         rcr5w    7.7301845000000004E-04     1.000000         0.000000    
         rcr6d    7.9011532999999996E-04     1.000000         0.000000    
         rcr6w    9.3159780999999995E-04     1.000000         0.000000    
         rcr7d    8.4506141000000000E-03     1.000000         0.000000    
         rcr7w    1.0532158999999999E-02     1.000000         0.000000    
          rcgd    4.0316877000000001E-02     1.000000         0.000000    
          rcgw    0.9145119500000000         1.000000         0.000000    
            tl     1.184505200000000         1.000000         0.000000    
            xw    0.9523951000000000         1.000000         0.000000    
            yw    2.5432843999999999E-04     1.000000         0.000000    
             x     1.156447000000000         1.000000         0.000000    
             y    2.8469425999999999E-02     1.000000         0.000000    
           tlr    6.8199999999999997E-02     1.000000         0.000000    
           tls    0.2220000000000000         1.000000         0.000000    
          beta    0.3000000000000000         1.000000         0.000000    
         alpha    0.9900000000000000         1.000000         0.000000    
         tcrit    7.4799999999999997E-04     1.000000         0.000000    
