  single point
          ddsd    0.2965700000000000         1.000000         0.000000    
          ddsw    0.5954700000000001         1.000000         0.000000    
          ddgd     1.949541100000000         1.000000         0.000000    
          ddgw    0.1955603600000000         1.000000         0.000000    
         rcs1d    0.3228456000000000         1.000000         0.000000    
         rcs1w    0.2014870400000000         1.000000         0.000000    
         rcs2d    4.7035814000000002E-02     1.000000         0.000000    
         rcs2w    8.0445304999999995E-02     1.000000         0.000000    
         rcs3d    8.2246261999999997E-03     1.000000         0.000000    
         rcs3w     2.000000000000000         1.000000         0.000000    
         rcs4d    1.4046355000000000E-03     1.000000         0.000000    
         rcs4w    1.9947988000000002E-03     1.000000         0.000000    
         rcs5d    4.3801114999999996E-03     1.000000         0.000000    
         rcs5w    0.7677850200000000         1.000000         0.000000    
         rcs6d    0.4152170100000000         1.000000         0.000000    
         rcs6w    0.3367585900000000         1.000000         0.000000    
         rcs7d    5.0310151000000003E-03     1.000000         0.000000    
         rcs7w     2.000000000000000         1.000000         0.000000    
         rcr1d    4.1531943999999999E-03     1.000000         0.000000    
         rcr1w     1.623666500000000         1.000000         0.000000    
         rcr2d    0.7808182299999999         1.000000         0.000000    
         rcr2w    1.2971158999999999E-02     1.000000         0.000000    
         rcr3d    2.5239731000000001E-03     1.000000         0.000000    
         rcr3w    3.5845693999999998E-03     1.000000         0.000000    
         rcr4d    1.4153346000000001E-03     1.000000         0.000000    
         rcr4w    9.8276905000000011E-04     1.000000         0.000000    
         rcr5d    6.3044082999999995E-04     1.000000         0.000000    
         rcr5w    7.7370925999999997E-04     1.000000         0.000000    
         rcr6d    7.9067991999999998E-04     1.000000         0.000000    
         rcr6w    9.3231795999999996E-04     1.000000         0.000000    
         rcr7d    8.4526227000000006E-03     1.000000         0.000000    
         rcr7w    1.0534251999999999E-02     1.000000         0.000000    
          rcgd    4.0347345999999999E-02     1.000000         0.000000    
          rcgw    0.9290673600000000         1.000000         0.000000    
            tl     1.285983900000000         1.000000         0.000000    
            xw    0.9523951000000000         1.000000         0.000000    
            yw    2.5432843999999999E-04     1.000000         0.000000    
             x     1.156447000000000         1.000000         0.000000    
             y    2.8469425999999999E-02     1.000000         0.000000    
           tlr    6.8199999999999997E-02     1.000000         0.000000    
           tls    0.2220000000000000         1.000000         0.000000    
          beta    0.3000000000000000         1.000000         0.000000    
         alpha    0.9900000000000000         1.000000         0.000000    
         tcrit    7.4799999999999997E-04     1.000000         0.000000    
