  single point
          ddsd    0.1094200000000000         1.000000         0.000000    
          ddsw    0.2565900000000000         1.000000         0.000000    
          ddgd     1.911153900000000         1.000000         0.000000    
          ddgw    0.1709062000000000         1.000000         0.000000    
         rcs1d    0.3607114500000000         1.000000         0.000000    
         rcs1w     1.989105200000000         1.000000         0.000000    
         rcs2d    5.2759765000000000E-02     1.000000         0.000000    
         rcs2w    0.1984011800000000         1.000000         0.000000    
         rcs3d    8.5954544000000008E-03     1.000000         0.000000    
         rcs3w     2.000000000000000         1.000000         0.000000    
         rcs4d    1.4378184999999999E-03     1.000000         0.000000    
         rcs4w    2.0127030999999998E-03     1.000000         0.000000    
         rcs5d    4.8208026000000001E-03     1.000000         0.000000    
         rcs5w    0.8747617000000000         1.000000         0.000000    
         rcs6d    0.6330664900000000         1.000000         0.000000    
         rcs6w    0.8675976300000000         1.000000         0.000000    
         rcs7d    5.0324862999999997E-03     1.000000         0.000000    
         rcs7w     2.000000000000000         1.000000         0.000000    
         rcr1d    0.1247257200000000         1.000000         0.000000    
         rcr1w     1.064350800000000         1.000000         0.000000    
         rcr2d    0.7703101500000000         1.000000         0.000000    
         rcr2w    1.2604728000000001E-02     1.000000         0.000000    
         rcr3d    2.7883602999999998E-03     1.000000         0.000000    
         rcr3w    5.2418932000000001E-03     1.000000         0.000000    
         rcr4d    3.1715568000000001E-03     1.000000         0.000000    
         rcr4w    1.2938886000000000E-03     1.000000         0.000000    
         rcr5d    1.8358156000000000E-02     1.000000         0.000000    
         rcr5w    1.4973336000000000E-03     1.000000         0.000000    
         rcr6d    1.7711730000000000E-03     1.000000         0.000000    
         rcr6w    1.8745405999999999E-02     1.000000         0.000000    
         rcr7d    1.0334820000000000E-02     1.000000         0.000000    
         rcr7w    1.2509025999999999E-02     1.000000         0.000000    
          rcgd    3.7209726999999998E-02     1.000000         0.000000    
          rcgw    0.8119404500000000         1.000000         0.000000    
            tl     2.773795000000000         1.000000         0.000000    
            xw    0.9523951000000000         1.000000         0.000000    
            yw    2.5432843999999999E-04     1.000000         0.000000    
             x     1.156447000000000         1.000000         0.000000    
             y    2.8469425999999999E-02     1.000000         0.000000    
           tlr    6.8199999999999997E-02     1.000000         0.000000    
           tls    0.2220000000000000         1.000000         0.000000    
          beta    0.3000000000000000         1.000000         0.000000    
         alpha    0.9900000000000000         1.000000         0.000000    
         tcrit    7.4799999999999997E-04     1.000000         0.000000    
