  single point
          ddsd    0.2764500000000000         1.000000         0.000000    
          ddsw    0.5006000000000000         1.000000         0.000000    
          ddgd     2.070759400000000         1.000000         0.000000    
          ddgw    0.1925557200000000         1.000000         0.000000    
         rcs1d    0.3228726600000000         1.000000         0.000000    
         rcs1w    0.2014874000000000         1.000000         0.000000    
         rcs2d    4.7042569999999999E-02     1.000000         0.000000    
         rcs2w    8.0433237000000005E-02     1.000000         0.000000    
         rcs3d    8.2250524000000002E-03     1.000000         0.000000    
         rcs3w     2.000000000000000         1.000000         0.000000    
         rcs4d    1.4047120000000000E-03     1.000000         0.000000    
         rcs4w    1.9945752999999998E-03     1.000000         0.000000    
         rcs5d    4.3814515000000004E-03     1.000000         0.000000    
         rcs5w    0.7881111700000000         1.000000         0.000000    
         rcs6d    0.4026852300000000         1.000000         0.000000    
         rcs6w    0.4134782700000000         1.000000         0.000000    
         rcs7d    5.0309214999999996E-03     1.000000         0.000000    
         rcs7w     2.000000000000000         1.000000         0.000000    
         rcr1d    4.1526458999999998E-03     1.000000         0.000000    
         rcr1w     1.515334200000000         1.000000         0.000000    
         rcr2d    0.7274716200000000         1.000000         0.000000    
         rcr2w    1.2948822000000000E-02     1.000000         0.000000    
         rcr3d    2.5236170000000001E-03     1.000000         0.000000    
         rcr3w    3.5821150999999999E-03     1.000000         0.000000    
         rcr4d    1.4152938000000000E-03     1.000000         0.000000    
         rcr4w    9.8250163000000008E-04     1.000000         0.000000    
         rcr5d    6.3050140000000003E-04     1.000000         0.000000    
         rcr5w    7.7348523000000003E-04     1.000000         0.000000    
         rcr6d    7.9082264999999995E-04     1.000000         0.000000    
         rcr6w    9.3200984000000003E-04     1.000000         0.000000    
         rcr7d    8.4530569999999999E-03     1.000000         0.000000    
         rcr7w    1.0532447000000000E-02     1.000000         0.000000    
          rcgd    4.2856057000000003E-02     1.000000         0.000000    
          rcgw    0.9147929200000000         1.000000         0.000000    
            tl     1.644215700000000         1.000000         0.000000    
            xw    0.9523951000000000         1.000000         0.000000    
            yw    2.5432843999999999E-04     1.000000         0.000000    
             x     1.156447000000000         1.000000         0.000000    
             y    2.8469425999999999E-02     1.000000         0.000000    
           tlr    6.8199999999999997E-02     1.000000         0.000000    
           tls    0.2220000000000000         1.000000         0.000000    
          beta    0.3000000000000000         1.000000         0.000000    
         alpha    0.9900000000000000         1.000000         0.000000    
         tcrit    7.4799999999999997E-04     1.000000         0.000000    
