  single point
          ddsd    0.2968300000000000         1.000000         0.000000    
          ddsw    0.5339900000000000         1.000000         0.000000    
          ddgd     1.957740000000000         1.000000         0.000000    
          ddgw    0.1881343900000000         1.000000         0.000000    
         rcs1d     2.000000000000000         1.000000         0.000000    
         rcs1w    0.3549864600000000         1.000000         0.000000    
         rcs2d    4.4800908000000000E-02     1.000000         0.000000    
         rcs2w    6.2792926999999998E-02     1.000000         0.000000    
         rcs3d    1.6230174000000000E-02     1.000000         0.000000    
         rcs3w     2.000000000000000         1.000000         0.000000    
         rcs4d    1.9782126999999998E-03     1.000000         0.000000    
         rcs4w    2.0667028000000000E-03     1.000000         0.000000    
         rcs5d    0.4839409500000000         1.000000         0.000000    
         rcs5w    0.7164433100000001         1.000000         0.000000    
         rcs6d    9.0808006999999996E-02     1.000000         0.000000    
         rcs6w    0.3848490200000000         1.000000         0.000000    
         rcs7d    4.9861404000000002E-03     1.000000         0.000000    
         rcs7w     2.000000000000000         1.000000         0.000000    
         rcr1d     1.927111600000000         1.000000         0.000000    
         rcr1w     1.687397400000000         1.000000         0.000000    
         rcr2d    2.9912646000000002E-03     1.000000         0.000000    
         rcr2w    9.4060561000000008E-03     1.000000         0.000000    
         rcr3d    1.9632127000000000E-03     1.000000         0.000000    
         rcr3w    1.7332051000000001E-03     1.000000         0.000000    
         rcr4d    1.2083106000000000E-03     1.000000         0.000000    
         rcr4w    6.6233551000000003E-04     1.000000         0.000000    
         rcr5d    1.2825935000000000E-03     1.000000         0.000000    
         rcr5w    2.7243957999999998E-04     1.000000         0.000000    
         rcr6d    9.2922021000000007E-03     1.000000         0.000000    
         rcr6w    3.4945605000000001E-04     1.000000         0.000000    
         rcr7d    1.4225438999999999E-02     1.000000         0.000000    
         rcr7w    8.1610793000000004E-03     1.000000         0.000000    
          rcgd    5.7612002000000002E-02     1.000000         0.000000    
          rcgw    0.8937877800000000         1.000000         0.000000    
            tl     1.487258100000000         1.000000         0.000000    
            xw    0.9523951000000000         1.000000         0.000000    
            yw    2.5432843999999999E-04     1.000000         0.000000    
             x     1.156447000000000         1.000000         0.000000    
             y    2.8469425999999999E-02     1.000000         0.000000    
           tlr    6.8199999999999997E-02     1.000000         0.000000    
           tls    0.2220000000000000         1.000000         0.000000    
          beta    0.3000000000000000         1.000000         0.000000    
         alpha    0.9900000000000000         1.000000         0.000000    
         tcrit    7.4799999999999997E-04     1.000000         0.000000    
