  single point
          ddsd    0.3897200000000000         1.000000         0.000000    
          ddsw    0.7240600000000000         1.000000         0.000000    
          ddgd     1.962153800000000         1.000000         0.000000    
          ddgw    0.1900655000000000         1.000000         0.000000    
         rcs1d    0.6567233400000000         1.000000         0.000000    
         rcs1w    0.3546494000000000         1.000000         0.000000    
         rcs2d    9.8980113999999994E-02     1.000000         0.000000    
         rcs2w    6.2589697000000000E-02     1.000000         0.000000    
         rcs3d    1.6224153000000002E-02     1.000000         0.000000    
         rcs3w     2.000000000000000         1.000000         0.000000    
         rcs4d    1.9653593000000000E-03     1.000000         0.000000    
         rcs4w    2.0662687999999999E-03     1.000000         0.000000    
         rcs5d    0.3593585700000000         1.000000         0.000000    
         rcs5w    0.5372523000000000         1.000000         0.000000    
         rcs6d    7.3562333999999993E-02     1.000000         0.000000    
         rcs6w    0.3133770000000000         1.000000         0.000000    
         rcs7d    4.9801910999999997E-03     1.000000         0.000000    
         rcs7w     2.000000000000000         1.000000         0.000000    
         rcr1d     1.924541600000000         1.000000         0.000000    
         rcr1w     1.653593900000000         1.000000         0.000000    
         rcr2d    2.9897600000000002E-03     1.000000         0.000000    
         rcr2w    9.4401420999999999E-03     1.000000         0.000000    
         rcr3d    1.9664709000000000E-03     1.000000         0.000000    
         rcr3w    1.7326815000000000E-03     1.000000         0.000000    
         rcr4d    1.1693548999999999E-03     1.000000         0.000000    
         rcr4w    6.6212561999999997E-04     1.000000         0.000000    
         rcr5d    1.2696131000000000E-03     1.000000         0.000000    
         rcr5w    2.7236098999999998E-04     1.000000         0.000000    
         rcr6d    9.2050716999999994E-03     1.000000         0.000000    
         rcr6w    3.4928516999999999E-04     1.000000         0.000000    
         rcr7d    1.4336178000000000E-02     1.000000         0.000000    
         rcr7w    8.1550431999999999E-03     1.000000         0.000000    
          rcgd    5.7741892000000003E-02     1.000000         0.000000    
          rcgw    0.9029620800000000         1.000000         0.000000    
            tl     1.490016100000000         1.000000         0.000000    
            xw    0.9523951000000000         1.000000         0.000000    
            yw    2.5432843999999999E-04     1.000000         0.000000    
             x     1.156447000000000         1.000000         0.000000    
             y    2.8469425999999999E-02     1.000000         0.000000    
           tlr    6.8199999999999997E-02     1.000000         0.000000    
           tls    0.2220000000000000         1.000000         0.000000    
          beta    0.3000000000000000         1.000000         0.000000    
         alpha    0.9900000000000000         1.000000         0.000000    
         tcrit    7.4799999999999997E-04     1.000000         0.000000    
