  single point
          ddsd    0.2223800000000000         1.000000         0.000000    
          ddsw    0.4539600000000000         1.000000         0.000000    
          ddgd     1.960937700000000         1.000000         0.000000    
          ddgw    0.1952049400000000         1.000000         0.000000    
         rcs1d    0.6551832300000000         1.000000         0.000000    
         rcs1w    0.3541242300000000         1.000000         0.000000    
         rcs2d    9.9163519000000006E-02     1.000000         0.000000    
         rcs2w    6.2404320999999999E-02     1.000000         0.000000    
         rcs3d    1.6232842000000001E-02     1.000000         0.000000    
         rcs3w     2.000000000000000         1.000000         0.000000    
         rcs4d    1.9632547000000000E-03     1.000000         0.000000    
         rcs4w    2.0662218999999999E-03     1.000000         0.000000    
         rcs5d    0.5214627800000000         1.000000         0.000000    
         rcs5w    0.9206839000000000         1.000000         0.000000    
         rcs6d    0.1808813100000000         1.000000         0.000000    
         rcs6w    0.4500744100000000         1.000000         0.000000    
         rcs7d    4.9852550000000001E-03     1.000000         0.000000    
         rcs7w     2.000000000000000         1.000000         0.000000    
         rcr1d     1.914444000000000         1.000000         0.000000    
         rcr1w     1.543343300000000         1.000000         0.000000    
         rcr2d    2.9778628999999998E-03     1.000000         0.000000    
         rcr2w    9.4545040000000007E-03     1.000000         0.000000    
         rcr3d    1.9408087000000001E-03     1.000000         0.000000    
         rcr3w    1.7289292000000000E-03     1.000000         0.000000    
         rcr4d    1.1438158999999999E-03     1.000000         0.000000    
         rcr4w    6.6182830000000004E-04     1.000000         0.000000    
         rcr5d    1.2019180000000000E-03     1.000000         0.000000    
         rcr5w    2.7206696999999998E-04     1.000000         0.000000    
         rcr6d    6.9598510000000004E-03     1.000000         0.000000    
         rcr6w    3.4877774000000001E-04     1.000000         0.000000    
         rcr7d    1.4075881000000000E-02     1.000000         0.000000    
         rcr7w    8.1465945999999994E-03     1.000000         0.000000    
          rcgd    5.7706104000000001E-02     1.000000         0.000000    
          rcgw    0.9273785100000000         1.000000         0.000000    
            tl     1.660567400000000         1.000000         0.000000    
            xw    0.9523951000000000         1.000000         0.000000    
            yw    2.5432843999999999E-04     1.000000         0.000000    
             x     1.156447000000000         1.000000         0.000000    
             y    2.8469425999999999E-02     1.000000         0.000000    
           tlr    6.8199999999999997E-02     1.000000         0.000000    
           tls    0.2220000000000000         1.000000         0.000000    
          beta    0.3000000000000000         1.000000         0.000000    
         alpha    0.9900000000000000         1.000000         0.000000    
         tcrit    7.4799999999999997E-04     1.000000         0.000000    
