  single point
          ddsd    0.4455400000000000         1.000000         0.000000    
          ddsw    0.7769200000000001         1.000000         0.000000    
          ddgd     1.915724800000000         1.000000         0.000000    
          ddgw    0.1871494700000000         1.000000         0.000000    
         rcs1d    0.6394700700000000         1.000000         0.000000    
         rcs1w     2.000000000000000         1.000000         0.000000    
         rcs2d    7.4697382000000007E-02     1.000000         0.000000    
         rcs2w    6.4465432000000003E-02     1.000000         0.000000    
         rcs3d    1.0771393000000001E-02     1.000000         0.000000    
         rcs3w     2.000000000000000         1.000000         0.000000    
         rcs4d    1.5904717000000000E-03     1.000000         0.000000    
         rcs4w    2.0332339000000000E-03     1.000000         0.000000    
         rcs5d    5.9271434000000003E-03     1.000000         0.000000    
         rcs5w    0.4455760600000000         1.000000         0.000000    
         rcs6d    0.2965927800000000         1.000000         0.000000    
         rcs6w    0.3278971400000000         1.000000         0.000000    
         rcs7d    5.0767668000000002E-03     1.000000         0.000000    
         rcs7w     2.000000000000000         1.000000         0.000000    
         rcr1d     2.000000000000000         1.000000         0.000000    
         rcr1w     1.472744000000000         1.000000         0.000000    
         rcr2d    3.4989094999999999E-03     1.000000         0.000000    
         rcr2w    1.1483949000000000E-02     1.000000         0.000000    
         rcr3d    2.2891658000000000E-03     1.000000         0.000000    
         rcr3w    5.5018571999999998E-03     1.000000         0.000000    
         rcr4d    1.2185060000000001E-03     1.000000         0.000000    
         rcr4w    1.2844401000000000E-03     1.000000         0.000000    
         rcr5d    1.1675708000000000E-03     1.000000         0.000000    
         rcr5w    1.5115775000000000E-03     1.000000         0.000000    
         rcr6d    4.7132546000000003E-03     1.000000         0.000000    
         rcr6w    1.7674584000000001E-03     1.000000         0.000000    
         rcr7d    1.2659843000000000E-02     1.000000         0.000000    
         rcr7w    1.1492606000000001E-02     1.000000         0.000000    
          rcgd    5.6375588999999997E-02     1.000000         0.000000    
          rcgw    0.8891086499999999         1.000000         0.000000    
            tl     1.644705800000000         1.000000         0.000000    
            xw    0.9523951000000000         1.000000         0.000000    
            yw    2.5432843999999999E-04     1.000000         0.000000    
             x     1.156447000000000         1.000000         0.000000    
             y    2.8469425999999999E-02     1.000000         0.000000    
           tlr    6.8199999999999997E-02     1.000000         0.000000    
           tls    0.2220000000000000         1.000000         0.000000    
          beta    0.3000000000000000         1.000000         0.000000    
         alpha    0.9900000000000000         1.000000         0.000000    
         tcrit    7.4799999999999997E-04     1.000000         0.000000    
