  single point
          ddsd    0.3787900000000000         1.000000         0.000000    
          ddsw    0.6137500000000000         1.000000         0.000000    
          ddgd    3.3792258999999998E-02     1.000000         0.000000    
          ddgw    0.2108815000000000         1.000000         0.000000    
         rcs1d     2.000000000000000         1.000000         0.000000    
         rcs1w     2.000000000000000         1.000000         0.000000    
         rcs2d     1.975199600000000         1.000000         0.000000    
         rcs2w    2.0286301999999999E-02     1.000000         0.000000    
         rcs3d    0.8478949600000000         1.000000         0.000000    
         rcs3w    6.3066816000000000E-03     1.000000         0.000000    
         rcs4d    1.0123988000000000E-02     1.000000         0.000000    
         rcs4w    2.2249504000000000E-03     1.000000         0.000000    
         rcs5d    3.7332147000000003E-02     1.000000         0.000000    
         rcs5w     2.000000000000000         1.000000         0.000000    
         rcs6d    0.8873305600000000         1.000000         0.000000    
         rcs6w    6.9956159000000004E-02     1.000000         0.000000    
         rcs7d    6.5818502000000003E-03     1.000000         0.000000    
         rcs7w     1.130533700000000         1.000000         0.000000    
         rcs8d    0.4446458500000000         1.000000         0.000000    
         rcs8w    0.9054770599999999         1.000000         0.000000    
         rcr1d    0.1019967600000000         1.000000         0.000000    
         rcr1w    0.3615152200000000         1.000000         0.000000    
         rcr2d    1.9741766000000000E-03     1.000000         0.000000    
         rcr2w    4.0229235999999996E-03     1.000000         0.000000    
         rcr3d    9.9418182999999995E-04     1.000000         0.000000    
         rcr3w    6.4428500000000000E-03     1.000000         0.000000    
         rcr4d    3.7382988000000001E-04     1.000000         0.000000    
         rcr4w    2.1838408000000001E-03     1.000000         0.000000    
         rcr5d    1.0601796000000001E-03     1.000000         0.000000    
         rcr5w    3.2166997999999998E-03     1.000000         0.000000    
         rcr6d    0.1566036100000000         1.000000         0.000000    
         rcr6w    0.1949315900000000         1.000000         0.000000    
         rcr7d    2.7449841999999999E-03     1.000000         0.000000    
         rcr7w    6.2594332000000001E-03     1.000000         0.000000    
         rcr8d    6.2410955999999997E-03     1.000000         0.000000    
         rcr8w    1.3263577000000000E-02     1.000000         0.000000    
          rcgd    1.3482164999999999E-03     1.000000         0.000000    
          rcgw     1.001855200000000         1.000000         0.000000    
            tl     5.000000000000000         1.000000         0.000000    
            xw    0.9523951000000000         1.000000         0.000000    
            yw    2.5432843999999999E-04     1.000000         0.000000    
             x     1.156447000000000         1.000000         0.000000    
             y    2.8469425999999999E-02     1.000000         0.000000    
           tlr    6.8199999999999997E-02     1.000000         0.000000    
           tls    0.2220000000000000         1.000000         0.000000    
          beta    0.3000000000000000         1.000000         0.000000    
         alpha    0.9900000000000000         1.000000         0.000000    
         tcrit    7.1900000000000002E-04     1.000000         0.000000    
