  single point
          ddsd    0.3658100000000000         1.000000         0.000000    
          ddsw    0.5845100000000000         1.000000         0.000000    
          ddgd    3.3792058999999999E-02     1.000000         0.000000    
          ddgw    0.2095889100000000         1.000000         0.000000    
         rcs1d     2.000000000000000         1.000000         0.000000    
         rcs1w     2.000000000000000         1.000000         0.000000    
         rcs2d     1.975383400000000         1.000000         0.000000    
         rcs2w    2.0286182000000000E-02     1.000000         0.000000    
         rcs3d    0.8478643100000000         1.000000         0.000000    
         rcs3w    6.3066679000000000E-03     1.000000         0.000000    
         rcs4d    1.0124002000000000E-02     1.000000         0.000000    
         rcs4w    2.2250642000000002E-03     1.000000         0.000000    
         rcs5d    3.7293859999999998E-02     1.000000         0.000000    
         rcs5w     2.000000000000000         1.000000         0.000000    
         rcs6d    0.9216214800000000         1.000000         0.000000    
         rcs6w    0.1262810200000000         1.000000         0.000000    
         rcs7d    6.5860047000000001E-03     1.000000         0.000000    
         rcs7w     1.121433100000000         1.000000         0.000000    
         rcs8d    0.4446703700000000         1.000000         0.000000    
         rcs8w    0.9067694600000000         1.000000         0.000000    
         rcr1d    0.1019882100000000         1.000000         0.000000    
         rcr1w    0.3609410200000000         1.000000         0.000000    
         rcr2d    1.9741765000000000E-03     1.000000         0.000000    
         rcr2w    4.0229226999999998E-03     1.000000         0.000000    
         rcr3d    9.9418407000000011E-04     1.000000         0.000000    
         rcr3w    6.4447295999999999E-03     1.000000         0.000000    
         rcr4d    3.7383095000000002E-04     1.000000         0.000000    
         rcr4w    2.1844150999999999E-03     1.000000         0.000000    
         rcr5d    1.0601758000000001E-03     1.000000         0.000000    
         rcr5w    3.2183971000000000E-03     1.000000         0.000000    
         rcr6d    0.1562676500000000         1.000000         0.000000    
         rcr6w    0.1950752700000000         1.000000         0.000000    
         rcr7d    2.7449021000000001E-03     1.000000         0.000000    
         rcr7w    6.2554513000000001E-03     1.000000         0.000000    
         rcr8d    6.2410942000000001E-03     1.000000         0.000000    
         rcr8w    1.3263518000000000E-02     1.000000         0.000000    
          rcgd    1.3482086000000000E-03     1.000000         0.000000    
          rcgw    0.9957143000000001         1.000000         0.000000    
            tl     5.000000000000000         1.000000         0.000000    
            xw    0.9523951000000000         1.000000         0.000000    
            yw    2.5432843999999999E-04     1.000000         0.000000    
             x     1.156447000000000         1.000000         0.000000    
             y    2.8469425999999999E-02     1.000000         0.000000    
           tlr    6.8199999999999997E-02     1.000000         0.000000    
           tls    0.2220000000000000         1.000000         0.000000    
          beta    0.3000000000000000         1.000000         0.000000    
         alpha    0.9900000000000000         1.000000         0.000000    
         tcrit    7.1900000000000002E-04     1.000000         0.000000    
