  single point
          ddsd    0.3880800000000000         1.000000         0.000000    
          ddsw    0.6031700000000000         1.000000         0.000000    
          ddgd    3.3792177000000000E-02     1.000000         0.000000    
          ddgw    0.2113624400000000         1.000000         0.000000    
         rcs1d     2.000000000000000         1.000000         0.000000    
         rcs1w     2.000000000000000         1.000000         0.000000    
         rcs2d     1.975015900000000         1.000000         0.000000    
         rcs2w    2.0286281000000000E-02     1.000000         0.000000    
         rcs3d    0.8479087800000000         1.000000         0.000000    
         rcs3w    6.3066933999999996E-03     1.000000         0.000000    
         rcs4d    1.0124154999999999E-02     1.000000         0.000000    
         rcs4w    2.2250566999999998E-03     1.000000         0.000000    
         rcs5d    3.7357217999999998E-02     1.000000         0.000000    
         rcs5w     2.000000000000000         1.000000         0.000000    
         rcs6d    0.8914129700000000         1.000000         0.000000    
         rcs6w    0.1005688400000000         1.000000         0.000000    
         rcs7d    6.5791271999999998E-03     1.000000         0.000000    
         rcs7w     1.118481300000000         1.000000         0.000000    
         rcs8d    0.4446155900000000         1.000000         0.000000    
         rcs8w    0.9059124000000000         1.000000         0.000000    
         rcr1d    0.1019939000000000         1.000000         0.000000    
         rcr1w    0.3613549700000000         1.000000         0.000000    
         rcr2d    1.9741765000000000E-03     1.000000         0.000000    
         rcr2w    4.0229233999999996E-03     1.000000         0.000000    
         rcr3d    9.9418855999999995E-04     1.000000         0.000000    
         rcr3w    6.4431916000000002E-03     1.000000         0.000000    
         rcr4d    3.7383308000000002E-04     1.000000         0.000000    
         rcr4w    2.1838983000000002E-03     1.000000         0.000000    
         rcr5d    1.0601937000000001E-03     1.000000         0.000000    
         rcr5w    3.2165928000000002E-03     1.000000         0.000000    
         rcr6d    0.1556708300000000         1.000000         0.000000    
         rcr6w    0.1916438600000000         1.000000         0.000000    
         rcr7d    2.7447271999999998E-03     1.000000         0.000000    
         rcr7w    6.2555648000000002E-03     1.000000         0.000000    
         rcr8d    6.2410913000000004E-03     1.000000         0.000000    
         rcr8w    1.3263519000000000E-02     1.000000         0.000000    
          rcgd    1.3482133999999999E-03     1.000000         0.000000    
          rcgw     1.004140000000000         1.000000         0.000000    
            tl     5.000000000000000         1.000000         0.000000    
            xw    0.9523951000000000         1.000000         0.000000    
            yw    2.5432843999999999E-04     1.000000         0.000000    
             x     1.156447000000000         1.000000         0.000000    
             y    2.8469425999999999E-02     1.000000         0.000000    
           tlr    6.8199999999999997E-02     1.000000         0.000000    
           tls    0.2220000000000000         1.000000         0.000000    
          beta    0.3000000000000000         1.000000         0.000000    
         alpha    0.9900000000000000         1.000000         0.000000    
         tcrit    7.2000000000000005E-04     1.000000         0.000000    
