  single point
          ddsd    0.3878300000000000         1.000000         0.000000    
          ddsw    0.6027800000000000         1.000000         0.000000    
          ddgd    3.3792107000000002E-02     1.000000         0.000000    
          ddgw    0.2112686200000000         1.000000         0.000000    
         rcs1d     2.000000000000000         1.000000         0.000000    
         rcs1w     2.000000000000000         1.000000         0.000000    
         rcs2d     1.975314100000000         1.000000         0.000000    
         rcs2w    2.0286225000000001E-02     1.000000         0.000000    
         rcs3d    0.8478885300000000         1.000000         0.000000    
         rcs3w    6.3066679000000000E-03     1.000000         0.000000    
         rcs4d    1.0124017000000001E-02     1.000000         0.000000    
         rcs4w    2.2250129000000000E-03     1.000000         0.000000    
         rcs5d    3.7297341999999997E-02     1.000000         0.000000    
         rcs5w     2.000000000000000         1.000000         0.000000    
         rcs6d    0.8919825900000000         1.000000         0.000000    
         rcs6w    0.1009080500000000         1.000000         0.000000    
         rcs7d    6.5843053999999996E-03     1.000000         0.000000    
         rcs7w     1.118752800000000         1.000000         0.000000    
         rcs8d    0.4446553800000000         1.000000         0.000000    
         rcs8w    0.9062762200000000         1.000000         0.000000    
         rcr1d    0.1019865700000000         1.000000         0.000000    
         rcr1w    0.3610182800000000         1.000000         0.000000    
         rcr2d    1.9741765000000000E-03     1.000000         0.000000    
         rcr2w    4.0229228000000002E-03     1.000000         0.000000    
         rcr3d    9.9418280999999994E-04     1.000000         0.000000    
         rcr3w    6.4437354999999997E-03     1.000000         0.000000    
         rcr4d    3.7382915000000000E-04     1.000000         0.000000    
         rcr4w    2.1840531000000001E-03     1.000000         0.000000    
         rcr5d    1.0601555999999999E-03     1.000000         0.000000    
         rcr5w    3.2172822999999998E-03     1.000000         0.000000    
         rcr6d    0.1556607300000000         1.000000         0.000000    
         rcr6w    0.1918115600000000         1.000000         0.000000    
         rcr7d    2.7448003000000000E-03     1.000000         0.000000    
         rcr7w    6.2553058999999999E-03     1.000000         0.000000    
         rcr8d    6.2410924999999999E-03     1.000000         0.000000    
         rcr8w    1.3263516000000000E-02     1.000000         0.000000    
          rcgd    1.3482105000000000E-03     1.000000         0.000000    
          rcgw     1.003694300000000         1.000000         0.000000    
            tl     5.000000000000000         1.000000         0.000000    
            xw    0.9523951000000000         1.000000         0.000000    
            yw    2.5432843999999999E-04     1.000000         0.000000    
             x     1.156447000000000         1.000000         0.000000    
             y    2.8469425999999999E-02     1.000000         0.000000    
           tlr    6.8199999999999997E-02     1.000000         0.000000    
           tls    0.2220000000000000         1.000000         0.000000    
          beta    0.3000000000000000         1.000000         0.000000    
         alpha    0.9900000000000000         1.000000         0.000000    
         tcrit    7.1900000000000002E-04     1.000000         0.000000    
