  single point
          ddsd    0.3874900000000000         1.000000         0.000000    
          ddsw    0.6229700000000000         1.000000         0.000000    
          ddgd    3.3792258999999998E-02     1.000000         0.000000    
          ddgw    0.2124789100000000         1.000000         0.000000    
         rcs1d     2.000000000000000         1.000000         0.000000    
         rcs1w     2.000000000000000         1.000000         0.000000    
         rcs2d     1.975177900000000         1.000000         0.000000    
         rcs2w    2.0286292000000001E-02     1.000000         0.000000    
         rcs3d    0.8479028700000000         1.000000         0.000000    
         rcs3w    6.3066813999999999E-03     1.000000         0.000000    
         rcs4d    1.0124019000000000E-02     1.000000         0.000000    
         rcs4w    2.2249663000000002E-03     1.000000         0.000000    
         rcs5d    3.7326366999999999E-02     1.000000         0.000000    
         rcs5w     2.000000000000000         1.000000         0.000000    
         rcs6d    0.8735011800000000         1.000000         0.000000    
         rcs6w    7.2480249999999996E-02     1.000000         0.000000    
         rcs7d    6.5814070000000001E-03     1.000000         0.000000    
         rcs7w     1.121450800000000         1.000000         0.000000    
         rcs8d    0.4446386200000000         1.000000         0.000000    
         rcs8w    0.9055677100000000         1.000000         0.000000    
         rcr1d    0.1019973200000000         1.000000         0.000000    
         rcr1w    0.3613971100000000         1.000000         0.000000    
         rcr2d    1.9741766000000000E-03     1.000000         0.000000    
         rcr2w    4.0229233999999996E-03     1.000000         0.000000    
         rcr3d    9.9418273000000004E-04     1.000000         0.000000    
         rcr3w    6.4427924000000003E-03     1.000000         0.000000    
         rcr4d    3.7382996999999997E-04     1.000000         0.000000    
         rcr4w    2.1837737999999998E-03     1.000000         0.000000    
         rcr5d    1.0601781000000000E-03     1.000000         0.000000    
         rcr5w    3.2164403000000002E-03     1.000000         0.000000    
         rcr6d    0.1565927600000000         1.000000         0.000000    
         rcr6w    0.1926411700000000         1.000000         0.000000    
         rcr7d    2.7449906999999999E-03     1.000000         0.000000    
         rcr7w    6.2582829000000003E-03     1.000000         0.000000    
         rcr8d    6.2410957000000001E-03     1.000000         0.000000    
         rcr8w    1.3263560000000001E-02     1.000000         0.000000    
          rcgd    1.3482165999999999E-03     1.000000         0.000000    
          rcgw     1.009444200000000         1.000000         0.000000    
            tl     5.000000000000000         1.000000         0.000000    
            xw    0.9523951000000000         1.000000         0.000000    
            yw    2.5432843999999999E-04     1.000000         0.000000    
             x     1.156447000000000         1.000000         0.000000    
             y    2.8469425999999999E-02     1.000000         0.000000    
           tlr    6.8199999999999997E-02     1.000000         0.000000    
           tls    0.2220000000000000         1.000000         0.000000    
          beta    0.3000000000000000         1.000000         0.000000    
         alpha    0.9900000000000000         1.000000         0.000000    
         tcrit    7.1900000000000002E-04     1.000000         0.000000    
