  single point
          ddsd    0.3652000000000000         1.000000         0.000000    
          ddsw    0.5852300000000000         1.000000         0.000000    
          ddgd    3.3791901999999999E-02     1.000000         0.000000    
          ddgw    0.2088905700000000         1.000000         0.000000    
         rcs1d     2.000000000000000         1.000000         0.000000    
         rcs1w     2.000000000000000         1.000000         0.000000    
         rcs2d     1.974788900000000         1.000000         0.000000    
         rcs2w    2.0286301000000000E-02     1.000000         0.000000    
         rcs3d    0.8478968800000000         1.000000         0.000000    
         rcs3w    6.3067139000000001E-03     1.000000         0.000000    
         rcs4d    1.0124241000000001E-02     1.000000         0.000000    
         rcs4w    2.2251214000000002E-03     1.000000         0.000000    
         rcs5d    3.7417943000000002E-02     1.000000         0.000000    
         rcs5w     2.000000000000000         1.000000         0.000000    
         rcs6d    0.9262243100000001         1.000000         0.000000    
         rcs6w    0.1251264200000000         1.000000         0.000000    
         rcs7d    6.5757621000000002E-03     1.000000         0.000000    
         rcs7w     1.116047200000000         1.000000         0.000000    
         rcs8d    0.4445941700000000         1.000000         0.000000    
         rcs8w    0.9059907600000000         1.000000         0.000000    
         rcr1d    0.1019529700000000         1.000000         0.000000    
         rcr1w    0.3615893000000000         1.000000         0.000000    
         rcr2d    1.9741762999999999E-03     1.000000         0.000000    
         rcr2w    4.0229237999999997E-03     1.000000         0.000000    
         rcr3d    9.9417984000000010E-04     1.000000         0.000000    
         rcr3w    6.4432624000000001E-03     1.000000         0.000000    
         rcr4d    3.7382806000000002E-04     1.000000         0.000000    
         rcr4w    2.1839774999999999E-03     1.000000         0.000000    
         rcr5d    1.0600828000000000E-03     1.000000         0.000000    
         rcr5w    3.2166628000000002E-03     1.000000         0.000000    
         rcr6d    0.1492491500000000         1.000000         0.000000    
         rcr6w    0.1935099000000000         1.000000         0.000000    
         rcr7d    2.7433808000000000E-03     1.000000         0.000000    
         rcr7w    6.2554098999999998E-03     1.000000         0.000000    
         rcr8d    6.2410683999999999E-03     1.000000         0.000000    
         rcr8w    1.3263516000000000E-02     1.000000         0.000000    
          rcgd    1.3482024000000001E-03     1.000000         0.000000    
          rcgw    0.9923966500000000         1.000000         0.000000    
            tl     5.000000000000000         1.000000         0.000000    
            xw    0.9523951000000000         1.000000         0.000000    
            yw    2.5432843999999999E-04     1.000000         0.000000    
             x     1.156447000000000         1.000000         0.000000    
             y    2.8469425999999999E-02     1.000000         0.000000    
           tlr    6.8199999999999997E-02     1.000000         0.000000    
           tls    0.2220000000000000         1.000000         0.000000    
          beta    0.3000000000000000         1.000000         0.000000    
         alpha    0.9900000000000000         1.000000         0.000000    
         tcrit    7.2099999999999996E-04     1.000000         0.000000    
