  single point
          ddsd    0.3781800000000000         1.000000         0.000000    
          ddsw    0.6124100000000000         1.000000         0.000000    
          ddgd    3.3792379999999997E-02     1.000000         0.000000    
          ddgw    0.2110159000000000         1.000000         0.000000    
         rcs1d     2.000000000000000         1.000000         0.000000    
         rcs1w     2.000000000000000         1.000000         0.000000    
         rcs2d     1.974625700000000         1.000000         0.000000    
         rcs2w    2.0286398000000001E-02     1.000000         0.000000    
         rcs3d    0.8479238200000000         1.000000         0.000000    
         rcs3w    6.3067297999999999E-03     1.000000         0.000000    
         rcs4d    1.0124249000000000E-02     1.000000         0.000000    
         rcs4w    2.2250519999999999E-03     1.000000         0.000000    
         rcs5d    3.7447238000000001E-02     1.000000         0.000000    
         rcs5w     2.000000000000000         1.000000         0.000000    
         rcs6d    0.8885948900000000         1.000000         0.000000    
         rcs6w    7.5249935000000004E-02     1.000000         0.000000    
         rcs7d    6.5720351000000000E-03     1.000000         0.000000    
         rcs7w     1.124164500000000         1.000000         0.000000    
         rcs8d    0.4445694600000000         1.000000         0.000000    
         rcs8w    0.9049233600000000         1.000000         0.000000    
         rcr1d    0.1020102000000000         1.000000         0.000000    
         rcr1w    0.3621272100000000         1.000000         0.000000    
         rcr2d    1.9741766000000000E-03     1.000000         0.000000    
         rcr2w    4.0229246999999996E-03     1.000000         0.000000    
         rcr3d    9.9419341000000008E-04     1.000000         0.000000    
         rcr3w    6.4420275999999997E-03     1.000000         0.000000    
         rcr4d    3.7383782000000000E-04     1.000000         0.000000    
         rcr4w    2.1836230000000000E-03     1.000000         0.000000    
         rcr5d    1.0602567999999999E-03     1.000000         0.000000    
         rcr5w    3.2156037999999999E-03     1.000000         0.000000    
         rcr6d    0.1566335400000000         1.000000         0.000000    
         rcr6w    0.1949602000000000         1.000000         0.000000    
         rcr7d    2.7448360000000001E-03     1.000000         0.000000    
         rcr7w    6.2593989000000001E-03     1.000000         0.000000    
         rcr8d    6.2410931000000001E-03     1.000000         0.000000    
         rcr8w    1.3263575000000000E-02     1.000000         0.000000    
          rcgd    1.3482215000000001E-03     1.000000         0.000000    
          rcgw     1.002493700000000         1.000000         0.000000    
            tl     5.000000000000000         1.000000         0.000000    
            xw    0.9523951000000000         1.000000         0.000000    
            yw    2.5432843999999999E-04     1.000000         0.000000    
             x     1.156447000000000         1.000000         0.000000    
             y    2.8469425999999999E-02     1.000000         0.000000    
           tlr    6.8199999999999997E-02     1.000000         0.000000    
           tls    0.2220000000000000         1.000000         0.000000    
          beta    0.3000000000000000         1.000000         0.000000    
         alpha    0.9900000000000000         1.000000         0.000000    
         tcrit    7.2099999999999996E-04     1.000000         0.000000    
