  single point
          ddsd    0.3805600000000000         1.000000         0.000000    
          ddsw    0.6124200000000000         1.000000         0.000000    
          ddgd    3.3792297999999998E-02     1.000000         0.000000    
          ddgw    0.2110833500000000         1.000000         0.000000    
         rcs1d     2.000000000000000         1.000000         0.000000    
         rcs1w     2.000000000000000         1.000000         0.000000    
         rcs2d     1.974953300000000         1.000000         0.000000    
         rcs2w    2.0286330000000002E-02     1.000000         0.000000    
         rcs3d    0.8479099900000000         1.000000         0.000000    
         rcs3w    6.3067022000000000E-03     1.000000         0.000000    
         rcs4d    1.0124124999999999E-02     1.000000         0.000000    
         rcs4w    2.2250153000000000E-03     1.000000         0.000000    
         rcs5d    3.7377313000000002E-02     1.000000         0.000000    
         rcs5w     2.000000000000000         1.000000         0.000000    
         rcs6d    0.8857210900000000         1.000000         0.000000    
         rcs6w    7.7269120999999996E-02     1.000000         0.000000    
         rcs7d    6.5777047999999996E-03     1.000000         0.000000    
         rcs7w     1.124576000000000         1.000000         0.000000    
         rcs8d    0.4446113000000000         1.000000         0.000000    
         rcs8w    0.9053858700000000         1.000000         0.000000    
         rcr1d    0.1020024800000000         1.000000         0.000000    
         rcr1w    0.3617035400000000         1.000000         0.000000    
         rcr2d    1.9741766000000000E-03     1.000000         0.000000    
         rcr2w    4.0229239999999998E-03     1.000000         0.000000    
         rcr3d    9.9418772000000005E-04     1.000000         0.000000    
         rcr3w    6.4427188999999999E-03     1.000000         0.000000    
         rcr4d    3.7383364000000000E-04     1.000000         0.000000    
         rcr4w    2.1838092000000002E-03     1.000000         0.000000    
         rcr5d    1.0602144000000000E-03     1.000000         0.000000    
         rcr5w    3.2163720999999999E-03     1.000000         0.000000    
         rcr6d    0.1566688900000000         1.000000         0.000000    
         rcr6w    0.1945424100000000         1.000000         0.000000    
         rcr7d    2.7449305999999998E-03     1.000000         0.000000    
         rcr7w    6.2586326000000003E-03     1.000000         0.000000    
         rcr8d    6.2410946999999998E-03     1.000000         0.000000    
         rcr8w    1.3263565000000000E-02     1.000000         0.000000    
          rcgd    1.3482182000000001E-03     1.000000         0.000000    
          rcgw     1.002814100000000         1.000000         0.000000    
            tl     5.000000000000000         1.000000         0.000000    
            xw    0.9523951000000000         1.000000         0.000000    
            yw    2.5432843999999999E-04     1.000000         0.000000    
             x     1.156447000000000         1.000000         0.000000    
             y    2.8469425999999999E-02     1.000000         0.000000    
           tlr    6.8199999999999997E-02     1.000000         0.000000    
           tls    0.2220000000000000         1.000000         0.000000    
          beta    0.3000000000000000         1.000000         0.000000    
         alpha    0.9900000000000000         1.000000         0.000000    
         tcrit    7.2000000000000005E-04     1.000000         0.000000    
