  single point
          ddsd    0.3753100000000000         1.000000         0.000000    
          ddsw    0.6026800000000000         1.000000         0.000000    
          ddgd    3.3792228000000001E-02     1.000000         0.000000    
          ddgw    0.2092241300000000         1.000000         0.000000    
         rcs1d     2.000000000000000         1.000000         0.000000    
         rcs1w     2.000000000000000         1.000000         0.000000    
         rcs2d     1.975245000000000         1.000000         0.000000    
         rcs2w    2.0286282999999999E-02     1.000000         0.000000    
         rcs3d    0.8478886000000000         1.000000         0.000000    
         rcs3w    6.3066809999999997E-03     1.000000         0.000000    
         rcs4d    1.0123988000000000E-02     1.000000         0.000000    
         rcs4w    2.2249769999999999E-03     1.000000         0.000000    
         rcs5d    3.7326435999999998E-02     1.000000         0.000000    
         rcs5w     2.000000000000000         1.000000         0.000000    
         rcs6d    0.8977435800000000         1.000000         0.000000    
         rcs6w    7.5013837000000000E-02     1.000000         0.000000    
         rcs7d    6.5828253000000002E-03     1.000000         0.000000    
         rcs7w     1.139118900000000         1.000000         0.000000    
         rcs8d    0.4446531000000000         1.000000         0.000000    
         rcs8w    0.9057068100000000         1.000000         0.000000    
         rcr1d    0.1019952500000000         1.000000         0.000000    
         rcr1w    0.3614899700000000         1.000000         0.000000    
         rcr2d    1.9741766000000000E-03     1.000000         0.000000    
         rcr2w    4.0229235999999996E-03     1.000000         0.000000    
         rcr3d    9.9418251000000005E-04     1.000000         0.000000    
         rcr3w    6.4434788000000002E-03     1.000000         0.000000    
         rcr4d    3.7383015000000001E-04     1.000000         0.000000    
         rcr4w    2.1840779999999999E-03     1.000000         0.000000    
         rcr5d    1.0601816000000001E-03     1.000000         0.000000    
         rcr5w    3.2174145999999998E-03     1.000000         0.000000    
         rcr6d    0.1566471700000000         1.000000         0.000000    
         rcr6w    0.1972037800000000         1.000000         0.000000    
         rcr7d    2.7449821000000000E-03     1.000000         0.000000    
         rcr7w    6.2593754000000003E-03     1.000000         0.000000    
         rcr8d    6.2410955999999997E-03     1.000000         0.000000    
         rcr8w    1.3263575999999999E-02     1.000000         0.000000    
          rcgd    1.3482152999999999E-03     1.000000         0.000000    
          rcgw    0.9939813900000000         1.000000         0.000000    
            tl     5.000000000000000         1.000000         0.000000    
            xw    0.9523951000000000         1.000000         0.000000    
            yw    2.5432843999999999E-04     1.000000         0.000000    
             x     1.156447000000000         1.000000         0.000000    
             y    2.8469425999999999E-02     1.000000         0.000000    
           tlr    6.8199999999999997E-02     1.000000         0.000000    
           tls    0.2220000000000000         1.000000         0.000000    
          beta    0.3000000000000000         1.000000         0.000000    
         alpha    0.9900000000000000         1.000000         0.000000    
         tcrit    7.1900000000000002E-04     1.000000         0.000000    
