  single point
          ddsd    0.1110100000000000         1.000000         0.000000    
          ddsw    0.6020900000000000         1.000000         0.000000    
          ddgd    0.1407569600000000         1.000000         0.000000    
          ddgw    1.1893928000000000E-02     1.000000         0.000000    
         rcs1d    0.9000728000000000         1.000000         0.000000    
         rcs1w    0.9101224000000000         1.000000         0.000000    
         rcs2d    0.1318243000000000         1.000000         0.000000    
         rcs2w     2.000000000000000         1.000000         0.000000    
         rcs3d    1.2648990000000001E-02     1.000000         0.000000    
         rcs3w    9.4116697999999999E-02     1.000000         0.000000    
         rcs4d    1.8051447999999999E-03     1.000000         0.000000    
         rcs4w    2.3791760999999998E-03     1.000000         0.000000    
         rcs5d     1.000000000000000         1.000000         0.000000    
         rcs5w    5.6295588000000001E-03     1.000000         0.000000    
         rcs6d    3.1694745000000000E-03     1.000000         0.000000    
         rcs6w    0.6269540900000000         1.000000         0.000000    
         rcs7d    0.3146530200000000         1.000000         0.000000    
         rcs7w    2.7467523000000000E-04     1.000000         0.000000    
         rcs8d    7.8963327999999992E-03     1.000000         0.000000    
         rcs8w    2.6777588000000000E-04     1.000000         0.000000    
         rcr1d    0.3623956600000000         1.000000         0.000000    
         rcr1w    1.0663651000000000E-02     1.000000         0.000000    
         rcr2d    1.6559411000000000E-03     1.000000         0.000000    
         rcr2w    0.9943184600000000         1.000000         0.000000    
         rcr3d    1.2993049999999999E-03     1.000000         0.000000    
         rcr3w    1.7742210999999999E-03     1.000000         0.000000    
         rcr4d    9.6469190999999999E-04     1.000000         0.000000    
         rcr4w    1.1181056999999999E-03     1.000000         0.000000    
         rcr5d    2.4084829000000000E-04     1.000000         0.000000    
         rcr5w    3.2413036999999999E-04     1.000000         0.000000    
         rcr6d    1.0426444999999999E-04     1.000000         0.000000    
         rcr6w    2.2970740999999999E-04     1.000000         0.000000    
         rcr7d    5.3100284000000000E-05     1.000000         0.000000    
         rcr7w    4.2096547000000000E-04     1.000000         0.000000    
         rcr8d    5.3402880000000002E-05     1.000000         0.000000    
         rcr8w    4.1865024999999999E-04     1.000000         0.000000    
          rcgd    1.6462352999999999E-02     1.000000         0.000000    
          rcgw    5.6505631000000001E-02     1.000000         0.000000    
            tl     5.000000000000000         1.000000         0.000000    
            xw     2.099999900000000         1.000000         0.000000    
            yw    0.1768573900000000         1.000000         0.000000    
             x    0.9543291000000000         1.000000         0.000000    
             y    2.0493647000000000E-02     1.000000         0.000000    
           tlr    6.8199999999999997E-02     1.000000         0.000000    
           tls    0.2220000000000000         1.000000         0.000000    
          beta    0.6000000000000000         1.000000         0.000000    
