  single point
          ddsd    0.1305400000000000         1.000000         0.000000    
          ddsw    0.5771400000000000         1.000000         0.000000    
          ddgd    0.1391406300000000         1.000000         0.000000    
          ddgw    1.1875817000000000E-02     1.000000         0.000000    
         rcs1d    0.9000728000000000         1.000000         0.000000    
         rcs1w    0.9101224000000000         1.000000         0.000000    
         rcs2d    0.1318243000000000         1.000000         0.000000    
         rcs2w     2.000000000000000         1.000000         0.000000    
         rcs3d    1.2886270000000000E-02     1.000000         0.000000    
         rcs3w    0.9398096700000000         1.000000         0.000000    
         rcs4d    1.8116323000000000E-03     1.000000         0.000000    
         rcs4w    2.4321908000000001E-03     1.000000         0.000000    
         rcs5d    0.5599088200000000         1.000000         0.000000    
         rcs5w    5.4657602999999997E-03     1.000000         0.000000    
         rcs6d    1.0047201000000000E-02     1.000000         0.000000    
         rcs6w    0.7496279200000000         1.000000         0.000000    
         rcs7d    0.2695895400000000         1.000000         0.000000    
         rcs7w    2.7422490999999999E-04     1.000000         0.000000    
         rcs8d    7.8964033000000003E-03     1.000000         0.000000    
         rcs8w    2.6777574000000001E-04     1.000000         0.000000    
         rcr1d    0.3551347200000000         1.000000         0.000000    
         rcr1w    1.0672747999999999E-02     1.000000         0.000000    
         rcr2d    1.6625479000000000E-03     1.000000         0.000000    
         rcr2w    0.9761532000000001         1.000000         0.000000    
         rcr3d    1.3157780000000001E-03     1.000000         0.000000    
         rcr3w    1.8168982000000000E-03     1.000000         0.000000    
         rcr4d    9.7337970000000004E-04     1.000000         0.000000    
         rcr4w    1.1363116000000001E-03     1.000000         0.000000    
         rcr5d    2.4100359000000000E-04     1.000000         0.000000    
         rcr5w    3.3128155999999999E-04     1.000000         0.000000    
         rcr6d    1.0449237000000000E-04     1.000000         0.000000    
         rcr6w    2.3351631999999999E-04     1.000000         0.000000    
         rcr7d    5.3122913000000001E-05     1.000000         0.000000    
         rcr7w    4.2586262000000001E-04     1.000000         0.000000    
         rcr8d    5.3402951000000003E-05     1.000000         0.000000    
         rcr8w    4.1866473999999999E-04     1.000000         0.000000    
          rcgd    1.6273313000000001E-02     1.000000         0.000000    
          rcgw    5.6419584000000002E-02     1.000000         0.000000    
            tl     4.467474800000000         1.000000         0.000000    
            xw     2.100000000000000         1.000000         0.000000    
            yw    0.1768573900000000         1.000000         0.000000    
             x     1.283841200000000         1.000000         0.000000    
             y    0.1025580100000000         1.000000         0.000000    
           tlr    6.8199999999999997E-02     1.000000         0.000000    
           tls    0.2220000000000000         1.000000         0.000000    
          beta    0.6000000000000000         1.000000         0.000000    
