  single point
          ddsd    0.1153600000000000         1.000000         0.000000    
          ddsw    0.4795900000000000         1.000000         0.000000    
          ddgd    0.1387604100000000         1.000000         0.000000    
          ddgw    1.1877359000000001E-02     1.000000         0.000000    
         rcs1d    0.9000728000000000         1.000000         0.000000    
         rcs1w    0.9101224000000000         1.000000         0.000000    
         rcs2d    0.1318243000000000         1.000000         0.000000    
         rcs2w     2.000000000000000         1.000000         0.000000    
         rcs3d    1.2665872999999999E-02     1.000000         0.000000    
         rcs3w    9.4071384999999993E-02     1.000000         0.000000    
         rcs4d    1.8056033999999999E-03     1.000000         0.000000    
         rcs4w    2.3790679000000002E-03     1.000000         0.000000    
         rcs5d    0.3939054900000000         1.000000         0.000000    
         rcs5w    5.6288107000000004E-03     1.000000         0.000000    
         rcs6d    0.2605528900000000         1.000000         0.000000    
         rcs6w    0.7085821300000000         1.000000         0.000000    
         rcs7d    0.2639956600000000         1.000000         0.000000    
         rcs7w    2.7417936999999998E-04     1.000000         0.000000    
         rcs8d    7.8955481999999997E-03     1.000000         0.000000    
         rcs8w    2.6777456000000001E-04     1.000000         0.000000    
         rcr1d    0.3504956200000000         1.000000         0.000000    
         rcr1w    1.0684377000000000E-02     1.000000         0.000000    
         rcr2d    1.6744147000000000E-03     1.000000         0.000000    
         rcr2w    0.9862360000000000         1.000000         0.000000    
         rcr3d    1.3205962999999999E-03     1.000000         0.000000    
         rcr3w    1.7715010000000000E-03     1.000000         0.000000    
         rcr4d    9.7175498999999997E-04     1.000000         0.000000    
         rcr4w    1.1175092000000001E-03     1.000000         0.000000    
         rcr5d    2.4234654000000001E-04     1.000000         0.000000    
         rcr5w    3.2366025000000001E-04     1.000000         0.000000    
         rcr6d    1.0437832000000000E-04     1.000000         0.000000    
         rcr6w    2.2941218999999999E-04     1.000000         0.000000    
         rcr7d    5.3060051999999999E-05     1.000000         0.000000    
         rcr7w    4.2023738000000001E-04     1.000000         0.000000    
         rcr8d    5.3402755000000000E-05     1.000000         0.000000    
         rcr8w    4.1864803000000002E-04     1.000000         0.000000    
          rcgd    1.6228843999999999E-02     1.000000         0.000000    
          rcgw    5.6426913000000002E-02     1.000000         0.000000    
            tl     5.000000000000000         1.000000         0.000000    
            xw     2.100000000000000         1.000000         0.000000    
            yw    0.1768573900000000         1.000000         0.000000    
             x     1.062517900000000         1.000000         0.000000    
             y    5.8643295999999998E-02     1.000000         0.000000    
           tlr    6.8199999999999997E-02     1.000000         0.000000    
           tls    0.2220000000000000         1.000000         0.000000    
          beta    0.6000000000000000         1.000000         0.000000    
