  single point
          ddsd    0.1290100000000000         1.000000         0.000000    
          ddsw    0.5635000000000000         1.000000         0.000000    
          ddgd    0.1387020300000000         1.000000         0.000000    
          ddgw    1.1872459000000000E-02     1.000000         0.000000    
         rcs1d    0.9000728000000000         1.000000         0.000000    
         rcs1w    0.9101224000000000         1.000000         0.000000    
         rcs2d    0.1318243000000000         1.000000         0.000000    
         rcs2w     2.000000000000000         1.000000         0.000000    
         rcs3d    1.2772121000000001E-02     1.000000         0.000000    
         rcs3w    9.3980966999999999E-02     1.000000         0.000000    
         rcs4d    1.8085353000000001E-03     1.000000         0.000000    
         rcs4w    2.3788523000000000E-03     1.000000         0.000000    
         rcs5d    0.5261224200000000         1.000000         0.000000    
         rcs5w    5.5815444000000001E-03     1.000000         0.000000    
         rcs6d    2.6055288999999999E-02     1.000000         0.000000    
         rcs6w    0.7350452500000000         1.000000         0.000000    
         rcs7d    0.2663058300000000         1.000000         0.000000    
         rcs7w    2.7451203000000002E-04     1.000000         0.000000    
         rcs8d    7.8959628999999993E-03     1.000000         0.000000    
         rcs8w    2.6777540999999998E-04     1.000000         0.000000    
         rcr1d    0.3535131400000000         1.000000         0.000000    
         rcr1w    1.0617966000000000E-02     1.000000         0.000000    
         rcr2d    1.6680063000000000E-03     1.000000         0.000000    
         rcr2w    0.9770527100000000         1.000000         0.000000    
         rcr3d    1.3173409000000001E-03     1.000000         0.000000    
         rcr3w    1.7705663000000000E-03     1.000000         0.000000    
         rcr4d    9.7165675999999999E-04     1.000000         0.000000    
         rcr4w    1.1168822999999999E-03     1.000000         0.000000    
         rcr5d    2.4183610999999999E-04     1.000000         0.000000    
         rcr5w    3.2374596000000002E-04     1.000000         0.000000    
         rcr6d    1.0443057000000000E-04     1.000000         0.000000    
         rcr6w    2.2941952999999999E-04     1.000000         0.000000    
         rcr7d    5.3083320999999998E-05     1.000000         0.000000    
         rcr7w    4.1836430000000000E-04     1.000000         0.000000    
         rcr8d    5.3402828000000000E-05     1.000000         0.000000    
         rcr8w    4.1864223000000000E-04     1.000000         0.000000    
          rcgd    1.6222015999999999E-02     1.000000         0.000000    
          rcgw    5.6403633000000002E-02     1.000000         0.000000    
            tl     4.566939900000000         1.000000         0.000000    
            xw     2.100000000000000         1.000000         0.000000    
            yw    0.1768573900000000         1.000000         0.000000    
             x     1.102427400000000         1.000000         0.000000    
             y    7.4819047999999999E-02     1.000000         0.000000    
           tlr    6.8199999999999997E-02     1.000000         0.000000    
           tls    0.2220000000000000         1.000000         0.000000    
          beta    0.6000000000000000         1.000000         0.000000    
