  single point
          ddsd    0.1049200000000000         1.000000         0.000000    
          ddsw    0.5789400000000000         1.000000         0.000000    
          ddgd    0.1387599100000000         1.000000         0.000000    
          ddgw    1.1877629000000001E-02     1.000000         0.000000    
         rcs1d    0.9000728000000000         1.000000         0.000000    
         rcs1w    0.9101224000000000         1.000000         0.000000    
         rcs2d    0.1318243000000000         1.000000         0.000000    
         rcs2w     2.000000000000000         1.000000         0.000000    
         rcs3d    1.2701189000000000E-02     1.000000         0.000000    
         rcs3w    9.4076731999999996E-02     1.000000         0.000000    
         rcs4d    1.8065704999999999E-03     1.000000         0.000000    
         rcs4w    2.3790806999999998E-03     1.000000         0.000000    
         rcs5d     1.000000000000000         1.000000         0.000000    
         rcs5w    5.6332320999999998E-03     1.000000         0.000000    
         rcs6d    3.1694745000000003E-02     1.000000         0.000000    
         rcs6w    0.7017584600000000         1.000000         0.000000    
         rcs7d    0.3830934100000000         1.000000         0.000000    
         rcs7w    2.7414521000000003E-04     1.000000         0.000000    
         rcs8d    7.8959692999999997E-03     1.000000         0.000000    
         rcs8w    2.6777448000000001E-04     1.000000         0.000000    
         rcr1d    0.3448752900000000         1.000000         0.000000    
         rcr1w    1.0694056000000000E-02     1.000000         0.000000    
         rcr2d    1.6644304999999999E-03     1.000000         0.000000    
         rcr2w     1.000000000000000         1.000000         0.000000    
         rcr3d    1.3077627999999999E-03     1.000000         0.000000    
         rcr3w    1.7710749000000000E-03     1.000000         0.000000    
         rcr4d    9.6547747999999999E-04     1.000000         0.000000    
         rcr4w    1.1172913000000000E-03     1.000000         0.000000    
         rcr5d    2.4136538999999999E-04     1.000000         0.000000    
         rcr5w    3.2365885000000002E-04     1.000000         0.000000    
         rcr6d    1.0422741000000001E-04     1.000000         0.000000    
         rcr6w    2.2941832999999999E-04     1.000000         0.000000    
         rcr7d    5.3033873000000000E-05     1.000000         0.000000    
         rcr7w    4.2037736000000002E-04     1.000000         0.000000    
         rcr8d    5.3402673000000002E-05     1.000000         0.000000    
         rcr8w    4.1864845999999999E-04     1.000000         0.000000    
          rcgd    1.6228785999999999E-02     1.000000         0.000000    
          rcgw    5.6428197999999999E-02     1.000000         0.000000    
            tl     5.000000000000000         1.000000         0.000000    
            xw     2.100000000000000         1.000000         0.000000    
            yw    0.1768573900000000         1.000000         0.000000    
             x    0.9181534800000000         1.000000         0.000000    
             y    1.6438678000000002E-02     1.000000         0.000000    
           tlr    6.8199999999999997E-02     1.000000         0.000000    
           tls    0.2220000000000000         1.000000         0.000000    
          beta    0.6000000000000000         1.000000         0.000000    
